83.0  66.0  10.0  17.0  5.0  60.0  59.0  94.0  98.0  49.0  8.0  46.0  58.0  22.0  15.0  29.0  82.0  97.0  12.0  45.0  88.0  10.0  69.0  96.0  55.0  57.0  87.0  88.0  
40.0  23.0  64.0  93.0  62.0  47.0  59.0  98.0  68.0  40.0  38.0  49.0  86.0  79.0  11.0  13.0  75.0  15.0  54.0  98.0  8.0  36.0  36.0  70.0  82.0  74.0  73.0  
97.0  6.0  26.0  68.0  50.0  100.0  94.0  82.0  3.0  100.0  68.0  61.0  84.0  55.0  51.0  82.0  19.0  58.0  35.0  33.0  32.0  55.0  11.0  22.0  72.0  58.0  
98.0  9.0  96.0  79.0  7.0  36.0  65.0  71.0  25.0  3.0  51.0  82.0  48.0  98.0  97.0  44.0  26.0  70.0  36.0  69.0  26.0  45.0  85.0  83.0  35.0  
15.0  78.0  78.0  49.0  9.0  56.0  4.0  14.0  53.0  76.0  36.0  57.0  67.0  23.0  0.0  90.0  57.0  25.0  26.0  75.0  72.0  95.0  18.0  89.0  
31.0  59.0  100.0  89.0  17.0  42.0  43.0  56.0  64.0  70.0  21.0  72.0  9.0  52.0  26.0  4.0  99.0  77.0  20.0  78.0  84.0  68.0  9.0  
39.0  22.0  55.0  12.0  86.0  32.0  97.0  70.0  80.0  57.0  51.0  78.0  49.0  70.0  77.0  37.0  20.0  59.0  20.0  34.0  46.0  8.0  
15.0  57.0  87.0  75.0  18.0  24.0  25.0  49.0  44.0  95.0  87.0  27.0  100.0  96.0  39.0  72.0  22.0  10.0  91.0  80.0  0.0  
43.0  39.0  24.0  57.0  58.0  60.0  16.0  50.0  0.0  68.0  52.0  64.0  18.0  71.0  25.0  76.0  72.0  19.0  48.0  50.0  
22.0  29.0  0.0  96.0  42.0  68.0  67.0  25.0  16.0  64.0  41.0  98.0  91.0  99.0  38.0  25.0  79.0  16.0  25.0  
26.0  7.0  81.0  44.0  67.0  78.0  69.0  0.0  52.0  95.0  88.0  38.0  76.0  96.0  2.0  45.0  9.0  7.0  
55.0  19.0  51.0  88.0  1.0  17.0  26.0  89.0  56.0  95.0  1.0  7.0  54.0  32.0  35.0  24.0  19.0  
41.0  27.0  16.0  61.0  77.0  46.0  55.0  72.0  78.0  2.0  16.0  41.0  88.0  28.0  86.0  31.0  
64.0  71.0  99.0  96.0  24.0  48.0  42.0  49.0  73.0  11.0  93.0  79.0  99.0  24.0  92.0  
96.0  73.0  66.0  82.0  32.0  38.0  21.0  53.0  18.0  27.0  28.0  9.0  64.0  93.0  
45.0  11.0  84.0  48.0  54.0  59.0  51.0  52.0  87.0  77.0  66.0  77.0  87.0  
69.0  59.0  45.0  56.0  91.0  9.0  70.0  53.0  85.0  7.0  29.0  13.0  
47.0  19.0  10.0  79.0  40.0  23.0  52.0  47.0  12.0  51.0  13.0  
18.0  99.0  100.0  5.0  10.0  3.0  73.0  0.0  77.0  80.0  
28.0  71.0  15.0  70.0  86.0  0.0  30.0  24.0  30.0  
37.0  70.0  55.0  37.0  96.0  9.0  1.0  94.0  
65.0  81.0  5.0  99.0  90.0  59.0  41.0  
89.0  82.0  60.0  51.0  31.0  17.0  
91.0  48.0  35.0  78.0  50.0  
72.0  44.0  73.0  38.0  
0.0  23.0  23.0  
79.0  33.0  
5.0  
