70.0  33.0  33.0  78.0  21.0  49.0  10.0  20.0  96.0  49.0  45.0  27.0  88.0  20.0  29.0  30.0  78.0  44.0  49.0  27.0  55.0  78.0  93.0  58.0  66.0  75.0  46.0  73.0  61.0  81.0  6.0  57.0  78.0  34.0  23.0  1.0  86.0  7.0  10.0  42.0  12.0  76.0  93.0  37.0  86.0  76.0  47.0  
84.0  88.0  72.0  92.0  34.0  38.0  22.0  61.0  61.0  54.0  79.0  17.0  49.0  80.0  93.0  74.0  56.0  7.0  41.0  92.0  84.0  21.0  25.0  80.0  27.0  84.0  74.0  9.0  16.0  14.0  84.0  45.0  19.0  10.0  18.0  45.0  36.0  66.0  84.0  2.0  37.0  19.0  47.0  25.0  15.0  83.0  
42.0  73.0  13.0  92.0  30.0  98.0  99.0  13.0  51.0  11.0  5.0  45.0  39.0  72.0  86.0  78.0  14.0  81.0  100.0  85.0  97.0  39.0  18.0  51.0  5.0  53.0  72.0  12.0  40.0  7.0  49.0  84.0  95.0  42.0  27.0  40.0  23.0  22.0  0.0  89.0  18.0  58.0  52.0  57.0  99.0  
4.0  57.0  33.0  34.0  85.0  52.0  96.0  16.0  8.0  7.0  89.0  36.0  85.0  16.0  61.0  69.0  4.0  21.0  58.0  66.0  53.0  60.0  24.0  57.0  47.0  13.0  5.0  31.0  68.0  80.0  99.0  48.0  18.0  64.0  16.0  70.0  99.0  54.0  93.0  79.0  13.0  100.0  98.0  34.0  
62.0  16.0  36.0  35.0  74.0  73.0  34.0  21.0  21.0  47.0  54.0  68.0  30.0  42.0  0.0  20.0  40.0  81.0  81.0  37.0  74.0  46.0  34.0  1.0  97.0  95.0  2.0  80.0  48.0  22.0  78.0  9.0  2.0  43.0  89.0  56.0  23.0  57.0  56.0  97.0  8.0  79.0  22.0  
11.0  58.0  99.0  8.0  87.0  52.0  42.0  83.0  20.0  84.0  60.0  4.0  83.0  54.0  29.0  68.0  43.0  36.0  1.0  11.0  53.0  84.0  67.0  6.0  79.0  14.0  32.0  44.0  85.0  26.0  97.0  18.0  94.0  40.0  20.0  88.0  53.0  26.0  89.0  75.0  82.0  76.0  
84.0  23.0  87.0  7.0  3.0  98.0  37.0  49.0  48.0  31.0  77.0  26.0  33.0  94.0  22.0  4.0  82.0  43.0  33.0  43.0  25.0  58.0  72.0  50.0  31.0  93.0  49.0  68.0  28.0  35.0  0.0  94.0  20.0  33.0  59.0  63.0  93.0  50.0  97.0  69.0  32.0  
24.0  0.0  78.0  42.0  19.0  36.0  66.0  33.0  83.0  55.0  82.0  81.0  16.0  35.0  19.0  89.0  58.0  77.0  29.0  15.0  32.0  41.0  70.0  19.0  0.0  55.0  35.0  5.0  66.0  31.0  75.0  67.0  60.0  92.0  92.0  33.0  3.0  25.0  95.0  3.0  
13.0  92.0  16.0  81.0  25.0  44.0  27.0  22.0  84.0  8.0  49.0  99.0  8.0  17.0  6.0  16.0  25.0  32.0  18.0  34.0  20.0  38.0  86.0  79.0  89.0  48.0  1.0  53.0  62.0  3.0  33.0  20.0  51.0  87.0  97.0  32.0  22.0  18.0  0.0  
73.0  61.0  74.0  10.0  20.0  42.0  31.0  37.0  11.0  65.0  69.0  6.0  75.0  98.0  49.0  9.0  84.0  48.0  87.0  33.0  34.0  10.0  59.0  100.0  82.0  34.0  91.0  86.0  40.0  51.0  45.0  90.0  33.0  37.0  62.0  88.0  91.0  72.0  
70.0  100.0  33.0  73.0  40.0  41.0  87.0  20.0  47.0  30.0  65.0  49.0  41.0  2.0  14.0  21.0  22.0  74.0  53.0  52.0  28.0  19.0  49.0  50.0  28.0  60.0  72.0  70.0  20.0  100.0  56.0  57.0  1.0  44.0  90.0  76.0  69.0  
39.0  6.0  72.0  73.0  65.0  42.0  100.0  76.0  46.0  89.0  45.0  71.0  33.0  1.0  63.0  16.0  3.0  62.0  88.0  68.0  27.0  49.0  51.0  99.0  92.0  70.0  17.0  83.0  2.0  30.0  44.0  7.0  95.0  45.0  80.0  37.0  
21.0  36.0  96.0  36.0  17.0  73.0  39.0  31.0  50.0  97.0  1.0  90.0  1.0  16.0  65.0  72.0  78.0  49.0  97.0  81.0  94.0  16.0  14.0  79.0  80.0  8.0  57.0  96.0  34.0  29.0  55.0  6.0  56.0  35.0  24.0  
20.0  38.0  94.0  71.0  76.0  86.0  63.0  63.0  31.0  77.0  56.0  66.0  90.0  72.0  31.0  84.0  39.0  99.0  7.0  6.0  4.0  5.0  90.0  29.0  17.0  26.0  36.0  25.0  67.0  82.0  94.0  100.0  20.0  89.0  
19.0  88.0  73.0  2.0  18.0  93.0  58.0  46.0  14.0  54.0  2.0  1.0  40.0  46.0  98.0  5.0  37.0  81.0  99.0  21.0  10.0  30.0  42.0  1.0  22.0  100.0  28.0  58.0  56.0  48.0  13.0  43.0  24.0  
21.0  97.0  92.0  55.0  3.0  45.0  69.0  40.0  100.0  38.0  92.0  84.0  56.0  44.0  70.0  33.0  51.0  72.0  98.0  5.0  83.0  36.0  45.0  10.0  40.0  3.0  61.0  54.0  60.0  41.0  43.0  7.0  
4.0  56.0  2.0  15.0  88.0  81.0  20.0  24.0  54.0  8.0  100.0  57.0  2.0  34.0  7.0  84.0  61.0  64.0  86.0  80.0  66.0  2.0  60.0  36.0  78.0  83.0  34.0  74.0  65.0  53.0  68.0  
100.0  73.0  98.0  51.0  78.0  82.0  99.0  62.0  42.0  73.0  56.0  74.0  17.0  99.0  58.0  26.0  87.0  85.0  37.0  57.0  39.0  55.0  8.0  35.0  86.0  78.0  50.0  75.0  62.0  98.0  
69.0  100.0  75.0  69.0  33.0  85.0  86.0  18.0  48.0  1.0  59.0  71.0  99.0  96.0  10.0  45.0  75.0  74.0  33.0  59.0  7.0  63.0  37.0  70.0  70.0  17.0  86.0  41.0  20.0  
85.0  41.0  4.0  11.0  95.0  20.0  30.0  4.0  86.0  91.0  12.0  27.0  33.0  82.0  82.0  57.0  84.0  25.0  17.0  62.0  59.0  54.0  63.0  40.0  98.0  32.0  41.0  97.0  
89.0  20.0  73.0  31.0  8.0  23.0  74.0  88.0  30.0  22.0  88.0  38.0  33.0  29.0  8.0  76.0  83.0  6.0  16.0  98.0  78.0  81.0  92.0  38.0  50.0  43.0  97.0  
36.0  98.0  6.0  9.0  38.0  47.0  82.0  0.0  47.0  56.0  53.0  48.0  34.0  33.0  19.0  100.0  96.0  63.0  30.0  64.0  12.0  18.0  23.0  62.0  51.0  31.0  
22.0  18.0  77.0  11.0  3.0  90.0  85.0  43.0  84.0  28.0  35.0  78.0  78.0  70.0  36.0  70.0  16.0  50.0  25.0  86.0  1.0  37.0  97.0  63.0  3.0  
58.0  2.0  13.0  78.0  30.0  71.0  70.0  25.0  91.0  30.0  13.0  5.0  52.0  68.0  61.0  32.0  67.0  37.0  62.0  56.0  37.0  4.0  42.0  60.0  
57.0  89.0  71.0  96.0  95.0  77.0  2.0  95.0  77.0  67.0  55.0  53.0  48.0  99.0  63.0  98.0  83.0  20.0  34.0  82.0  29.0  51.0  54.0  
74.0  7.0  29.0  74.0  32.0  25.0  92.0  14.0  75.0  20.0  53.0  64.0  40.0  67.0  84.0  68.0  66.0  16.0  18.0  89.0  38.0  95.0  
48.0  85.0  2.0  67.0  0.0  12.0  60.0  98.0  39.0  56.0  92.0  85.0  94.0  6.0  17.0  51.0  63.0  7.0  80.0  100.0  82.0  
65.0  20.0  16.0  31.0  62.0  94.0  78.0  59.0  17.0  86.0  81.0  40.0  29.0  13.0  58.0  72.0  7.0  26.0  48.0  25.0  
24.0  78.0  72.0  85.0  75.0  40.0  85.0  56.0  27.0  4.0  64.0  31.0  50.0  18.0  19.0  7.0  67.0  81.0  46.0  
91.0  72.0  23.0  5.0  19.0  10.0  67.0  49.0  75.0  27.0  67.0  60.0  68.0  68.0  49.0  72.0  91.0  32.0  
82.0  43.0  95.0  34.0  15.0  17.0  48.0  91.0  68.0  66.0  42.0  46.0  25.0  64.0  84.0  33.0  92.0  
69.0  81.0  48.0  50.0  90.0  77.0  48.0  55.0  40.0  70.0  1.0  16.0  70.0  50.0  47.0  74.0  
47.0  87.0  9.0  44.0  40.0  37.0  53.0  85.0  67.0  91.0  74.0  76.0  27.0  69.0  55.0  
85.0  50.0  92.0  76.0  98.0  7.0  15.0  63.0  75.0  18.0  72.0  86.0  95.0  82.0  
95.0  79.0  62.0  31.0  57.0  95.0  60.0  69.0  7.0  39.0  100.0  99.0  17.0  
60.0  98.0  1.0  0.0  45.0  4.0  44.0  50.0  33.0  61.0  33.0  97.0  
28.0  50.0  95.0  60.0  90.0  7.0  62.0  11.0  43.0  12.0  9.0  
33.0  88.0  5.0  23.0  61.0  44.0  7.0  23.0  15.0  70.0  
65.0  12.0  2.0  100.0  79.0  20.0  12.0  45.0  57.0  
87.0  63.0  41.0  67.0  55.0  78.0  18.0  40.0  
45.0  39.0  96.0  80.0  86.0  17.0  13.0  
94.0  32.0  47.0  98.0  1.0  9.0  
67.0  40.0  75.0  27.0  18.0  
72.0  95.0  2.0  45.0  
22.0  34.0  23.0  
80.0  73.0  
54.0  
