99.0  13.0  13.0  88.0  72.0  12.0  83.0  56.0  26.0  28.0  10.0  82.0  40.0  96.0  2.0  25.0  81.0  93.0  14.0  10.0  60.0  39.0  41.0  85.0  61.0  52.0  21.0  53.0  83.0  23.0  55.0  33.0  68.0  42.0  86.0  75.0  57.0  98.0  75.0  20.0  6.0  69.0  92.0  97.0  25.0  47.0  66.0  
64.0  32.0  40.0  85.0  81.0  2.0  48.0  60.0  34.0  59.0  63.0  22.0  64.0  76.0  8.0  81.0  6.0  96.0  69.0  7.0  58.0  9.0  88.0  9.0  51.0  14.0  11.0  30.0  97.0  85.0  34.0  29.0  8.0  7.0  83.0  10.0  65.0  64.0  39.0  30.0  36.0  57.0  91.0  2.0  52.0  48.0  
73.0  25.0  26.0  73.0  67.0  66.0  38.0  98.0  16.0  56.0  84.0  63.0  91.0  38.0  18.0  79.0  15.0  13.0  73.0  97.0  22.0  17.0  57.0  25.0  20.0  33.0  72.0  30.0  53.0  79.0  48.0  41.0  31.0  19.0  85.0  9.0  93.0  20.0  1.0  56.0  82.0  56.0  28.0  36.0  81.0  
69.0  7.0  62.0  90.0  4.0  17.0  98.0  80.0  58.0  97.0  27.0  19.0  77.0  4.0  56.0  11.0  29.0  29.0  18.0  0.0  90.0  99.0  40.0  34.0  57.0  43.0  69.0  10.0  21.0  57.0  44.0  76.0  74.0  57.0  94.0  24.0  53.0  74.0  31.0  63.0  85.0  36.0  80.0  0.0  
53.0  69.0  88.0  79.0  59.0  93.0  22.0  66.0  42.0  3.0  12.0  65.0  32.0  50.0  44.0  11.0  35.0  47.0  21.0  77.0  85.0  60.0  97.0  43.0  67.0  1.0  24.0  38.0  96.0  84.0  28.0  61.0  90.0  68.0  19.0  3.0  46.0  73.0  32.0  69.0  92.0  24.0  91.0  
87.0  56.0  2.0  15.0  93.0  0.0  7.0  28.0  87.0  74.0  32.0  96.0  45.0  10.0  32.0  37.0  8.0  23.0  55.0  92.0  86.0  27.0  39.0  72.0  3.0  47.0  7.0  4.0  9.0  72.0  46.0  66.0  51.0  17.0  29.0  80.0  25.0  11.0  73.0  20.0  30.0  24.0  
9.0  86.0  26.0  16.0  97.0  42.0  85.0  27.0  7.0  52.0  39.0  75.0  90.0  96.0  84.0  93.0  17.0  83.0  70.0  76.0  63.0  72.0  16.0  43.0  91.0  79.0  7.0  79.0  73.0  81.0  41.0  60.0  99.0  38.0  15.0  87.0  54.0  28.0  96.0  3.0  86.0  
74.0  80.0  73.0  52.0  64.0  88.0  12.0  82.0  54.0  51.0  28.0  49.0  24.0  38.0  23.0  69.0  44.0  3.0  33.0  58.0  13.0  40.0  94.0  29.0  14.0  55.0  85.0  80.0  36.0  45.0  63.0  65.0  88.0  97.0  93.0  93.0  57.0  56.0  34.0  66.0  
8.0  31.0  62.0  34.0  63.0  18.0  23.0  6.0  64.0  44.0  10.0  100.0  99.0  9.0  18.0  70.0  75.0  68.0  33.0  11.0  46.0  73.0  25.0  87.0  17.0  7.0  17.0  72.0  86.0  7.0  82.0  53.0  68.0  1.0  73.0  69.0  81.0  45.0  5.0  
99.0  47.0  75.0  57.0  34.0  27.0  6.0  11.0  88.0  5.0  8.0  88.0  41.0  60.0  15.0  49.0  94.0  33.0  32.0  89.0  84.0  93.0  32.0  25.0  58.0  12.0  3.0  89.0  75.0  87.0  10.0  93.0  88.0  73.0  43.0  38.0  25.0  44.0  
11.0  27.0  6.0  34.0  94.0  47.0  83.0  100.0  89.0  46.0  47.0  57.0  38.0  44.0  66.0  64.0  15.0  54.0  97.0  27.0  62.0  70.0  64.0  47.0  30.0  7.0  35.0  79.0  30.0  42.0  30.0  13.0  85.0  3.0  70.0  90.0  10.0  
67.0  46.0  52.0  98.0  88.0  88.0  54.0  95.0  50.0  32.0  98.0  16.0  100.0  92.0  99.0  43.0  45.0  79.0  49.0  66.0  65.0  55.0  19.0  65.0  50.0  40.0  14.0  51.0  14.0  74.0  95.0  70.0  29.0  11.0  55.0  100.0  
77.0  72.0  49.0  77.0  55.0  14.0  16.0  89.0  19.0  25.0  9.0  27.0  87.0  87.0  10.0  57.0  61.0  49.0  34.0  27.0  3.0  7.0  27.0  50.0  57.0  36.0  31.0  54.0  19.0  74.0  52.0  41.0  45.0  7.0  72.0  
75.0  22.0  81.0  29.0  8.0  64.0  89.0  47.0  26.0  37.0  55.0  42.0  45.0  59.0  65.0  42.0  16.0  84.0  66.0  35.0  56.0  88.0  4.0  40.0  31.0  0.0  77.0  59.0  38.0  59.0  56.0  71.0  54.0  96.0  
51.0  91.0  7.0  16.0  31.0  67.0  62.0  27.0  62.0  65.0  73.0  2.0  85.0  52.0  77.0  85.0  95.0  61.0  68.0  99.0  30.0  35.0  5.0  39.0  78.0  97.0  66.0  32.0  18.0  12.0  40.0  59.0  13.0  
95.0  19.0  89.0  56.0  36.0  96.0  85.0  76.0  55.0  64.0  92.0  50.0  14.0  76.0  2.0  8.0  78.0  74.0  50.0  59.0  21.0  32.0  14.0  28.0  78.0  47.0  61.0  99.0  37.0  37.0  17.0  10.0  
95.0  92.0  66.0  0.0  70.0  98.0  83.0  48.0  20.0  87.0  5.0  12.0  20.0  47.0  23.0  87.0  41.0  29.0  60.0  55.0  73.0  47.0  81.0  62.0  15.0  60.0  60.0  76.0  98.0  50.0  64.0  
68.0  86.0  51.0  5.0  92.0  11.0  90.0  77.0  8.0  5.0  6.0  92.0  17.0  89.0  99.0  98.0  36.0  84.0  42.0  79.0  74.0  76.0  36.0  68.0  26.0  97.0  40.0  41.0  53.0  31.0  
7.0  64.0  62.0  5.0  39.0  32.0  67.0  61.0  79.0  63.0  41.0  38.0  69.0  75.0  68.0  32.0  91.0  87.0  37.0  3.0  68.0  32.0  29.0  58.0  75.0  9.0  36.0  45.0  86.0  
21.0  24.0  16.0  4.0  65.0  74.0  69.0  36.0  88.0  6.0  52.0  50.0  18.0  56.0  42.0  6.0  26.0  19.0  72.0  99.0  36.0  69.0  12.0  64.0  31.0  95.0  23.0  11.0  
8.0  75.0  43.0  47.0  51.0  94.0  70.0  67.0  9.0  46.0  83.0  96.0  61.0  54.0  75.0  61.0  86.0  50.0  72.0  58.0  69.0  100.0  42.0  9.0  42.0  19.0  83.0  
25.0  36.0  86.0  76.0  66.0  74.0  41.0  29.0  85.0  12.0  75.0  81.0  57.0  57.0  22.0  98.0  87.0  6.0  81.0  27.0  12.0  79.0  39.0  87.0  68.0  53.0  
22.0  34.0  41.0  30.0  13.0  63.0  100.0  14.0  58.0  77.0  54.0  85.0  40.0  30.0  82.0  23.0  72.0  37.0  15.0  61.0  34.0  11.0  28.0  72.0  61.0  
8.0  38.0  32.0  25.0  28.0  44.0  94.0  50.0  20.0  60.0  85.0  93.0  64.0  97.0  58.0  57.0  55.0  73.0  97.0  87.0  79.0  5.0  66.0  85.0  
36.0  17.0  11.0  4.0  79.0  6.0  43.0  43.0  46.0  59.0  51.0  44.0  31.0  25.0  80.0  96.0  27.0  77.0  22.0  29.0  84.0  4.0  4.0  
55.0  36.0  41.0  69.0  61.0  85.0  76.0  18.0  60.0  1.0  45.0  64.0  14.0  44.0  9.0  10.0  85.0  62.0  35.0  67.0  28.0  57.0  
38.0  35.0  65.0  42.0  35.0  42.0  46.0  4.0  39.0  38.0  41.0  17.0  95.0  63.0  24.0  77.0  35.0  96.0  20.0  55.0  57.0  
4.0  85.0  65.0  65.0  41.0  76.0  95.0  93.0  47.0  93.0  1.0  84.0  5.0  48.0  69.0  36.0  35.0  34.0  85.0  17.0  
85.0  49.0  45.0  24.0  66.0  25.0  82.0  66.0  13.0  64.0  81.0  46.0  79.0  91.0  58.0  74.0  59.0  71.0  46.0  
8.0  26.0  14.0  29.0  27.0  0.0  45.0  15.0  56.0  3.0  42.0  18.0  85.0  37.0  84.0  11.0  16.0  10.0  
42.0  78.0  22.0  12.0  66.0  66.0  0.0  17.0  49.0  41.0  33.0  63.0  93.0  37.0  30.0  6.0  20.0  
46.0  82.0  74.0  81.0  43.0  41.0  82.0  44.0  84.0  16.0  64.0  67.0  63.0  45.0  71.0  67.0  
20.0  52.0  86.0  28.0  50.0  67.0  60.0  16.0  12.0  30.0  32.0  89.0  21.0  37.0  48.0  
98.0  100.0  9.0  71.0  95.0  79.0  54.0  47.0  50.0  83.0  71.0  69.0  50.0  92.0  
11.0  13.0  33.0  32.0  29.0  24.0  58.0  62.0  53.0  32.0  77.0  53.0  30.0  
18.0  58.0  14.0  88.0  4.0  82.0  82.0  23.0  86.0  54.0  86.0  39.0  
98.0  19.0  65.0  65.0  98.0  54.0  32.0  44.0  55.0  12.0  56.0  
45.0  58.0  60.0  60.0  16.0  3.0  21.0  27.0  12.0  78.0  
23.0  55.0  2.0  2.0  4.0  31.0  95.0  9.0  0.0  
1.0  48.0  17.0  38.0  73.0  14.0  49.0  39.0  
55.0  23.0  97.0  69.0  17.0  5.0  91.0  
21.0  10.0  85.0  22.0  32.0  55.0  
76.0  90.0  62.0  98.0  73.0  
11.0  11.0  50.0  3.0  
38.0  91.0  8.0  
66.0  7.0  
66.0  
