70.0  68.0  38.0  22.0  7.0  43.0  56.0  70.0  33.0  71.0  49.0  63.0  96.0  95.0  55.0  35.0  23.0  81.0  56.0  83.0  27.0  18.0  83.0  75.0  39.0  51.0  17.0  61.0  91.0  61.0  46.0  33.0  98.0  41.0  98.0  86.0  13.0  7.0  9.0  46.0  51.0  71.0  37.0  13.0  71.0  43.0  68.0  96.0  54.0  86.0  77.0  99.0  60.0  41.0  56.0  17.0  66.0  9.0  22.0  18.0  64.0  20.0  86.0  71.0  82.0  89.0  50.0  42.0  1.0  63.0  99.0  28.0  28.0  9.0  55.0  34.0  18.0  34.0  50.0  33.0  82.0  0.0  14.0  55.0  87.0  57.0  13.0  51.0  45.0  70.0  77.0  97.0  92.0  5.0  0.0  90.0  8.0  94.0  59.0  95.0  
77.0  51.0  48.0  67.0  49.0  18.0  43.0  70.0  38.0  43.0  64.0  78.0  12.0  78.0  89.0  43.0  65.0  13.0  67.0  27.0  60.0  75.0  7.0  42.0  48.0  60.0  96.0  88.0  69.0  34.0  90.0  12.0  87.0  9.0  40.0  79.0  83.0  45.0  20.0  82.0  59.0  60.0  35.0  99.0  66.0  11.0  34.0  20.0  85.0  26.0  96.0  81.0  33.0  47.0  53.0  92.0  98.0  25.0  62.0  51.0  95.0  96.0  22.0  94.0  61.0  20.0  48.0  32.0  94.0  26.0  87.0  91.0  34.0  9.0  35.0  51.0  22.0  98.0  9.0  66.0  22.0  33.0  94.0  91.0  36.0  74.0  97.0  57.0  5.0  11.0  75.0  97.0  18.0  27.0  51.0  45.0  98.0  88.0  9.0  
31.0  46.0  70.0  70.0  91.0  45.0  45.0  82.0  71.0  22.0  44.0  1.0  70.0  92.0  42.0  80.0  35.0  74.0  73.0  37.0  65.0  21.0  45.0  61.0  70.0  34.0  74.0  90.0  55.0  30.0  8.0  63.0  15.0  97.0  30.0  15.0  64.0  18.0  5.0  49.0  86.0  83.0  28.0  7.0  66.0  62.0  26.0  76.0  34.0  66.0  25.0  36.0  45.0  76.0  64.0  45.0  60.0  92.0  31.0  1.0  92.0  58.0  17.0  25.0  50.0  92.0  67.0  37.0  68.0  11.0  59.0  33.0  89.0  37.0  75.0  63.0  63.0  4.0  26.0  79.0  67.0  18.0  46.0  29.0  33.0  27.0  64.0  42.0  71.0  86.0  45.0  58.0  96.0  98.0  40.0  96.0  65.0  26.0  
48.0  33.0  61.0  94.0  78.0  62.0  59.0  17.0  39.0  81.0  61.0  8.0  29.0  78.0  81.0  44.0  75.0  2.0  25.0  100.0  61.0  46.0  2.0  31.0  86.0  87.0  48.0  18.0  11.0  41.0  84.0  59.0  94.0  9.0  81.0  60.0  15.0  37.0  23.0  93.0  39.0  82.0  43.0  74.0  61.0  95.0  31.0  20.0  33.0  46.0  51.0  90.0  49.0  16.0  68.0  2.0  8.0  44.0  74.0  18.0  44.0  82.0  71.0  44.0  66.0  86.0  44.0  86.0  89.0  58.0  27.0  45.0  35.0  36.0  42.0  83.0  14.0  25.0  75.0  41.0  100.0  23.0  7.0  94.0  12.0  96.0  38.0  55.0  51.0  98.0  100.0  52.0  17.0  63.0  20.0  4.0  58.0  
52.0  61.0  39.0  35.0  32.0  11.0  61.0  82.0  90.0  52.0  84.0  25.0  13.0  92.0  97.0  83.0  98.0  11.0  39.0  16.0  16.0  8.0  9.0  61.0  33.0  52.0  2.0  47.0  98.0  65.0  76.0  86.0  46.0  96.0  46.0  65.0  8.0  63.0  75.0  87.0  38.0  4.0  84.0  61.0  44.0  2.0  39.0  41.0  95.0  14.0  54.0  9.0  76.0  94.0  96.0  40.0  65.0  32.0  56.0  31.0  58.0  13.0  35.0  25.0  36.0  60.0  87.0  99.0  2.0  49.0  97.0  91.0  42.0  65.0  98.0  8.0  66.0  69.0  46.0  15.0  37.0  3.0  93.0  60.0  71.0  99.0  65.0  81.0  68.0  95.0  70.0  55.0  8.0  40.0  79.0  23.0  
96.0  7.0  11.0  1.0  45.0  52.0  64.0  83.0  71.0  87.0  11.0  57.0  49.0  100.0  15.0  32.0  37.0  52.0  48.0  65.0  32.0  27.0  31.0  60.0  95.0  40.0  78.0  7.0  67.0  65.0  16.0  0.0  10.0  14.0  80.0  77.0  16.0  98.0  29.0  57.0  33.0  38.0  93.0  1.0  63.0  14.0  18.0  92.0  5.0  51.0  71.0  87.0  68.0  70.0  98.0  83.0  67.0  63.0  86.0  8.0  46.0  31.0  70.0  9.0  92.0  83.0  44.0  59.0  93.0  12.0  51.0  54.0  40.0  97.0  73.0  73.0  87.0  45.0  77.0  31.0  70.0  29.0  1.0  28.0  74.0  48.0  38.0  33.0  60.0  8.0  6.0  17.0  94.0  59.0  90.0  
14.0  42.0  76.0  45.0  21.0  84.0  66.0  3.0  31.0  40.0  92.0  76.0  93.0  40.0  51.0  57.0  10.0  85.0  68.0  44.0  88.0  24.0  69.0  24.0  82.0  79.0  70.0  66.0  26.0  56.0  93.0  53.0  91.0  70.0  99.0  39.0  78.0  85.0  62.0  62.0  1.0  35.0  25.0  51.0  20.0  14.0  35.0  84.0  80.0  56.0  54.0  24.0  59.0  16.0  34.0  64.0  38.0  46.0  73.0  62.0  86.0  13.0  7.0  66.0  57.0  47.0  95.0  93.0  51.0  84.0  93.0  22.0  71.0  99.0  73.0  59.0  69.0  96.0  61.0  68.0  72.0  30.0  28.0  69.0  44.0  11.0  22.0  73.0  5.0  30.0  7.0  24.0  68.0  5.0  
30.0  81.0  28.0  16.0  50.0  87.0  26.0  12.0  29.0  90.0  74.0  9.0  66.0  98.0  3.0  48.0  17.0  92.0  8.0  51.0  92.0  17.0  40.0  27.0  33.0  97.0  59.0  99.0  83.0  27.0  1.0  80.0  90.0  44.0  79.0  70.0  39.0  46.0  45.0  92.0  63.0  47.0  16.0  89.0  84.0  63.0  1.0  0.0  83.0  80.0  1.0  95.0  71.0  42.0  10.0  72.0  76.0  83.0  30.0  18.0  86.0  9.0  40.0  100.0  84.0  16.0  2.0  59.0  92.0  20.0  38.0  78.0  6.0  13.0  13.0  61.0  47.0  15.0  41.0  54.0  30.0  89.0  50.0  64.0  34.0  41.0  93.0  52.0  41.0  45.0  72.0  73.0  60.0  
16.0  31.0  86.0  98.0  4.0  33.0  29.0  93.0  53.0  63.0  80.0  91.0  24.0  51.0  85.0  72.0  18.0  71.0  51.0  33.0  37.0  31.0  46.0  91.0  20.0  38.0  2.0  69.0  49.0  27.0  86.0  75.0  26.0  79.0  86.0  75.0  13.0  76.0  4.0  10.0  67.0  78.0  11.0  71.0  17.0  54.0  63.0  66.0  36.0  88.0  91.0  30.0  42.0  85.0  73.0  72.0  61.0  45.0  94.0  92.0  54.0  96.0  18.0  80.0  36.0  68.0  95.0  13.0  73.0  67.0  4.0  85.0  83.0  6.0  37.0  59.0  52.0  48.0  61.0  37.0  16.0  68.0  82.0  56.0  77.0  20.0  47.0  5.0  1.0  0.0  71.0  89.0  
26.0  10.0  39.0  53.0  64.0  100.0  72.0  33.0  60.0  95.0  4.0  98.0  49.0  94.0  57.0  79.0  44.0  64.0  81.0  84.0  0.0  64.0  58.0  98.0  17.0  7.0  8.0  42.0  48.0  83.0  53.0  83.0  65.0  79.0  11.0  26.0  67.0  38.0  78.0  61.0  4.0  70.0  21.0  55.0  12.0  3.0  74.0  56.0  84.0  2.0  79.0  63.0  50.0  7.0  98.0  82.0  48.0  51.0  22.0  18.0  26.0  71.0  24.0  22.0  12.0  54.0  76.0  96.0  81.0  96.0  80.0  17.0  12.0  5.0  25.0  18.0  1.0  35.0  72.0  92.0  56.0  85.0  17.0  22.0  36.0  37.0  23.0  10.0  18.0  5.0  86.0  
46.0  52.0  44.0  23.0  20.0  68.0  13.0  70.0  40.0  81.0  29.0  27.0  43.0  90.0  10.0  34.0  60.0  19.0  32.0  77.0  60.0  39.0  79.0  25.0  27.0  57.0  52.0  64.0  65.0  76.0  93.0  26.0  40.0  92.0  18.0  4.0  42.0  27.0  38.0  57.0  30.0  12.0  96.0  46.0  20.0  62.0  89.0  13.0  0.0  29.0  21.0  29.0  46.0  13.0  72.0  17.0  35.0  23.0  46.0  29.0  3.0  68.0  75.0  47.0  90.0  38.0  96.0  89.0  49.0  31.0  37.0  85.0  21.0  17.0  87.0  88.0  85.0  72.0  84.0  70.0  35.0  31.0  36.0  28.0  2.0  78.0  96.0  83.0  91.0  70.0  
10.0  60.0  92.0  70.0  65.0  70.0  81.0  44.0  78.0  61.0  70.0  86.0  75.0  81.0  28.0  38.0  50.0  1.0  76.0  64.0  67.0  71.0  93.0  96.0  97.0  71.0  84.0  20.0  65.0  32.0  1.0  20.0  14.0  6.0  15.0  24.0  30.0  62.0  41.0  70.0  52.0  4.0  2.0  91.0  9.0  33.0  4.0  31.0  58.0  10.0  89.0  67.0  87.0  53.0  0.0  24.0  75.0  6.0  78.0  78.0  80.0  25.0  99.0  89.0  85.0  43.0  79.0  4.0  22.0  36.0  57.0  56.0  49.0  34.0  77.0  71.0  10.0  17.0  41.0  54.0  77.0  66.0  0.0  35.0  81.0  60.0  39.0  2.0  75.0  
84.0  44.0  38.0  100.0  38.0  30.0  29.0  47.0  65.0  79.0  54.0  35.0  87.0  79.0  89.0  95.0  19.0  90.0  71.0  72.0  40.0  53.0  26.0  74.0  27.0  18.0  85.0  51.0  51.0  73.0  61.0  26.0  57.0  67.0  73.0  18.0  3.0  53.0  36.0  29.0  80.0  50.0  20.0  56.0  73.0  82.0  94.0  56.0  67.0  95.0  95.0  10.0  32.0  26.0  40.0  77.0  68.0  100.0  62.0  7.0  94.0  91.0  19.0  17.0  94.0  84.0  63.0  95.0  37.0  77.0  31.0  62.0  75.0  79.0  56.0  18.0  26.0  20.0  29.0  69.0  60.0  56.0  23.0  33.0  15.0  1.0  27.0  44.0  
55.0  6.0  16.0  51.0  18.0  100.0  82.0  72.0  96.0  89.0  76.0  0.0  33.0  0.0  46.0  72.0  34.0  13.0  48.0  26.0  65.0  93.0  92.0  59.0  57.0  47.0  94.0  33.0  66.0  49.0  62.0  5.0  83.0  4.0  62.0  76.0  37.0  57.0  5.0  74.0  36.0  65.0  18.0  29.0  83.0  45.0  68.0  75.0  42.0  36.0  99.0  5.0  99.0  9.0  40.0  72.0  83.0  45.0  93.0  63.0  36.0  54.0  31.0  55.0  3.0  64.0  2.0  15.0  88.0  12.0  19.0  75.0  28.0  91.0  25.0  22.0  96.0  27.0  18.0  7.0  58.0  52.0  46.0  71.0  61.0  90.0  6.0  
57.0  42.0  15.0  35.0  43.0  63.0  94.0  49.0  71.0  61.0  27.0  17.0  13.0  84.0  85.0  48.0  39.0  84.0  9.0  52.0  21.0  73.0  18.0  100.0  95.0  68.0  47.0  52.0  25.0  16.0  95.0  76.0  91.0  96.0  100.0  34.0  70.0  17.0  92.0  75.0  99.0  72.0  26.0  84.0  37.0  45.0  13.0  24.0  93.0  61.0  49.0  6.0  86.0  12.0  76.0  38.0  42.0  54.0  94.0  42.0  67.0  93.0  26.0  100.0  78.0  21.0  81.0  59.0  55.0  75.0  2.0  64.0  16.0  62.0  47.0  50.0  39.0  79.0  21.0  24.0  11.0  24.0  19.0  75.0  54.0  87.0  
46.0  91.0  20.0  59.0  21.0  92.0  13.0  2.0  91.0  7.0  36.0  80.0  83.0  88.0  0.0  76.0  11.0  92.0  16.0  96.0  26.0  24.0  74.0  8.0  7.0  62.0  15.0  5.0  76.0  69.0  40.0  0.0  11.0  96.0  99.0  68.0  83.0  59.0  46.0  79.0  66.0  64.0  36.0  36.0  48.0  56.0  85.0  85.0  35.0  76.0  93.0  49.0  38.0  99.0  58.0  12.0  70.0  40.0  33.0  41.0  86.0  30.0  90.0  96.0  4.0  59.0  65.0  47.0  39.0  32.0  72.0  9.0  46.0  91.0  70.0  64.0  7.0  17.0  21.0  63.0  66.0  5.0  27.0  55.0  99.0  
85.0  7.0  42.0  99.0  63.0  43.0  71.0  77.0  56.0  82.0  7.0  76.0  78.0  14.0  88.0  73.0  79.0  14.0  40.0  14.0  98.0  80.0  33.0  59.0  6.0  60.0  79.0  31.0  69.0  12.0  66.0  44.0  47.0  9.0  2.0  79.0  70.0  69.0  20.0  1.0  19.0  50.0  80.0  3.0  97.0  45.0  50.0  14.0  89.0  95.0  35.0  80.0  20.0  5.0  39.0  51.0  70.0  59.0  6.0  79.0  96.0  96.0  23.0  61.0  18.0  84.0  74.0  14.0  10.0  66.0  32.0  84.0  89.0  86.0  22.0  27.0  68.0  38.0  77.0  25.0  75.0  3.0  62.0  94.0  
89.0  86.0  32.0  99.0  61.0  5.0  5.0  57.0  71.0  7.0  76.0  73.0  1.0  57.0  98.0  40.0  35.0  93.0  18.0  79.0  26.0  88.0  15.0  37.0  84.0  60.0  7.0  99.0  26.0  0.0  90.0  19.0  82.0  38.0  35.0  28.0  63.0  99.0  10.0  31.0  37.0  3.0  36.0  2.0  98.0  19.0  24.0  55.0  54.0  90.0  69.0  85.0  30.0  57.0  73.0  67.0  90.0  78.0  3.0  29.0  15.0  15.0  96.0  90.0  15.0  16.0  25.0  64.0  67.0  4.0  29.0  14.0  39.0  36.0  47.0  15.0  67.0  15.0  35.0  41.0  99.0  84.0  54.0  
49.0  92.0  45.0  16.0  98.0  96.0  82.0  21.0  75.0  92.0  39.0  82.0  91.0  35.0  87.0  30.0  17.0  16.0  27.0  69.0  47.0  63.0  42.0  22.0  35.0  47.0  90.0  2.0  80.0  78.0  94.0  0.0  48.0  70.0  9.0  49.0  50.0  71.0  53.0  23.0  18.0  65.0  98.0  52.0  19.0  80.0  5.0  57.0  8.0  12.0  91.0  38.0  6.0  94.0  3.0  27.0  79.0  76.0  78.0  83.0  22.0  59.0  71.0  66.0  50.0  63.0  40.0  3.0  40.0  58.0  96.0  10.0  82.0  84.0  54.0  91.0  45.0  33.0  45.0  6.0  59.0  84.0  
69.0  46.0  35.0  67.0  36.0  55.0  9.0  75.0  92.0  55.0  28.0  5.0  73.0  18.0  78.0  75.0  67.0  90.0  46.0  100.0  44.0  27.0  5.0  51.0  95.0  64.0  77.0  88.0  5.0  89.0  33.0  61.0  66.0  48.0  39.0  65.0  28.0  37.0  42.0  64.0  47.0  92.0  74.0  19.0  19.0  80.0  48.0  45.0  71.0  72.0  80.0  12.0  57.0  72.0  86.0  24.0  31.0  27.0  58.0  0.0  34.0  19.0  82.0  2.0  90.0  13.0  99.0  73.0  4.0  44.0  44.0  18.0  45.0  48.0  59.0  79.0  47.0  67.0  28.0  60.0  74.0  
40.0  18.0  80.0  53.0  99.0  99.0  6.0  41.0  73.0  85.0  80.0  2.0  27.0  66.0  96.0  95.0  4.0  54.0  21.0  78.0  75.0  55.0  53.0  66.0  68.0  9.0  56.0  8.0  52.0  100.0  33.0  33.0  28.0  49.0  12.0  36.0  79.0  31.0  1.0  99.0  54.0  25.0  9.0  30.0  74.0  15.0  60.0  49.0  84.0  60.0  72.0  20.0  17.0  0.0  55.0  86.0  27.0  75.0  77.0  25.0  17.0  99.0  94.0  95.0  72.0  7.0  49.0  10.0  80.0  3.0  17.0  58.0  93.0  58.0  25.0  20.0  24.0  40.0  32.0  36.0  
48.0  66.0  26.0  2.0  48.0  90.0  11.0  26.0  58.0  24.0  49.0  26.0  53.0  37.0  71.0  60.0  12.0  21.0  42.0  52.0  84.0  77.0  81.0  19.0  27.0  63.0  18.0  23.0  87.0  92.0  91.0  77.0  68.0  74.0  24.0  20.0  0.0  19.0  80.0  84.0  88.0  85.0  86.0  67.0  26.0  82.0  69.0  89.0  64.0  8.0  96.0  33.0  35.0  41.0  79.0  16.0  81.0  63.0  71.0  25.0  85.0  54.0  26.0  99.0  85.0  65.0  8.0  26.0  50.0  99.0  49.0  83.0  50.0  10.0  54.0  68.0  86.0  49.0  87.0  
35.0  29.0  39.0  77.0  67.0  42.0  30.0  77.0  99.0  24.0  55.0  100.0  69.0  16.0  48.0  90.0  54.0  68.0  5.0  60.0  47.0  25.0  79.0  32.0  42.0  74.0  94.0  37.0  53.0  51.0  15.0  65.0  5.0  30.0  17.0  45.0  62.0  23.0  3.0  2.0  97.0  26.0  25.0  97.0  11.0  69.0  56.0  39.0  64.0  22.0  21.0  57.0  91.0  14.0  70.0  86.0  70.0  16.0  45.0  65.0  25.0  41.0  34.0  14.0  3.0  75.0  91.0  25.0  20.0  17.0  40.0  85.0  8.0  19.0  84.0  27.0  67.0  62.0  
75.0  5.0  53.0  100.0  33.0  72.0  82.0  74.0  49.0  85.0  34.0  94.0  78.0  62.0  91.0  83.0  12.0  66.0  50.0  71.0  94.0  11.0  50.0  27.0  30.0  72.0  17.0  36.0  38.0  2.0  34.0  27.0  12.0  63.0  88.0  64.0  62.0  84.0  33.0  58.0  57.0  21.0  63.0  100.0  43.0  76.0  47.0  24.0  52.0  61.0  54.0  95.0  60.0  26.0  29.0  64.0  53.0  4.0  60.0  37.0  67.0  76.0  77.0  94.0  4.0  69.0  36.0  17.0  75.0  13.0  37.0  76.0  15.0  87.0  35.0  70.0  72.0  
22.0  58.0  8.0  0.0  46.0  58.0  92.0  26.0  46.0  2.0  53.0  69.0  7.0  10.0  22.0  99.0  48.0  5.0  37.0  80.0  76.0  84.0  2.0  96.0  50.0  86.0  44.0  69.0  11.0  38.0  27.0  35.0  77.0  36.0  49.0  50.0  19.0  74.0  22.0  73.0  37.0  85.0  51.0  33.0  15.0  83.0  100.0  40.0  96.0  25.0  87.0  31.0  98.0  5.0  76.0  81.0  64.0  22.0  4.0  50.0  23.0  41.0  16.0  80.0  63.0  28.0  76.0  86.0  71.0  89.0  57.0  79.0  7.0  9.0  71.0  85.0  
19.0  45.0  92.0  27.0  40.0  20.0  19.0  63.0  93.0  80.0  11.0  69.0  15.0  14.0  98.0  29.0  29.0  49.0  57.0  92.0  47.0  29.0  65.0  26.0  62.0  25.0  91.0  21.0  72.0  37.0  36.0  75.0  15.0  74.0  5.0  84.0  43.0  9.0  26.0  59.0  30.0  95.0  76.0  97.0  84.0  92.0  81.0  35.0  93.0  5.0  66.0  90.0  84.0  12.0  50.0  1.0  36.0  84.0  88.0  98.0  78.0  10.0  96.0  12.0  8.0  63.0  82.0  3.0  93.0  99.0  87.0  33.0  83.0  88.0  6.0  
67.0  53.0  21.0  75.0  95.0  6.0  40.0  42.0  20.0  57.0  37.0  91.0  46.0  80.0  66.0  59.0  41.0  0.0  73.0  43.0  18.0  0.0  67.0  17.0  9.0  99.0  57.0  58.0  76.0  60.0  22.0  80.0  93.0  55.0  30.0  65.0  46.0  7.0  43.0  74.0  85.0  63.0  72.0  3.0  64.0  42.0  73.0  34.0  86.0  52.0  37.0  62.0  78.0  44.0  77.0  31.0  47.0  52.0  0.0  82.0  51.0  42.0  2.0  28.0  65.0  40.0  76.0  62.0  86.0  14.0  97.0  14.0  25.0  57.0  
60.0  43.0  60.0  27.0  41.0  71.0  79.0  44.0  69.0  94.0  89.0  40.0  86.0  45.0  63.0  52.0  57.0  92.0  13.0  61.0  83.0  14.0  21.0  26.0  34.0  29.0  14.0  99.0  43.0  76.0  61.0  15.0  59.0  58.0  48.0  54.0  47.0  19.0  76.0  89.0  31.0  15.0  50.0  33.0  12.0  23.0  93.0  70.0  3.0  46.0  73.0  61.0  65.0  96.0  44.0  38.0  96.0  63.0  53.0  33.0  82.0  22.0  82.0  26.0  20.0  58.0  81.0  19.0  29.0  56.0  47.0  51.0  53.0  
67.0  84.0  46.0  12.0  71.0  12.0  60.0  71.0  53.0  77.0  76.0  43.0  61.0  34.0  93.0  64.0  68.0  56.0  56.0  83.0  69.0  87.0  23.0  15.0  47.0  54.0  23.0  60.0  42.0  56.0  96.0  64.0  58.0  59.0  86.0  28.0  3.0  65.0  26.0  48.0  42.0  8.0  84.0  85.0  89.0  43.0  88.0  18.0  33.0  88.0  92.0  74.0  78.0  3.0  74.0  60.0  96.0  27.0  4.0  66.0  3.0  64.0  24.0  96.0  91.0  88.0  72.0  67.0  50.0  36.0  71.0  11.0  
40.0  62.0  82.0  51.0  89.0  85.0  66.0  10.0  72.0  97.0  72.0  38.0  3.0  27.0  42.0  62.0  19.0  44.0  7.0  72.0  48.0  83.0  40.0  59.0  73.0  64.0  76.0  88.0  68.0  35.0  26.0  97.0  45.0  55.0  64.0  33.0  17.0  61.0  16.0  15.0  49.0  37.0  49.0  71.0  98.0  74.0  92.0  46.0  36.0  36.0  54.0  20.0  97.0  59.0  47.0  0.0  66.0  22.0  91.0  21.0  90.0  93.0  21.0  87.0  8.0  38.0  49.0  12.0  7.0  94.0  43.0  
84.0  45.0  44.0  28.0  78.0  98.0  97.0  14.0  49.0  59.0  70.0  2.0  84.0  77.0  14.0  88.0  59.0  7.0  1.0  17.0  17.0  6.0  56.0  25.0  53.0  1.0  89.0  3.0  47.0  26.0  38.0  71.0  40.0  14.0  42.0  53.0  43.0  58.0  89.0  83.0  35.0  92.0  6.0  60.0  25.0  14.0  3.0  62.0  21.0  99.0  89.0  86.0  65.0  71.0  2.0  77.0  65.0  48.0  60.0  12.0  70.0  84.0  63.0  48.0  43.0  82.0  47.0  34.0  75.0  35.0  
31.0  74.0  18.0  55.0  47.0  1.0  54.0  45.0  90.0  41.0  84.0  23.0  63.0  67.0  48.0  19.0  1.0  58.0  48.0  88.0  42.0  70.0  48.0  98.0  91.0  77.0  14.0  45.0  86.0  38.0  37.0  29.0  36.0  38.0  71.0  57.0  92.0  2.0  15.0  48.0  79.0  17.0  93.0  0.0  21.0  29.0  52.0  46.0  20.0  62.0  22.0  17.0  56.0  55.0  54.0  75.0  28.0  61.0  52.0  0.0  11.0  80.0  44.0  55.0  10.0  100.0  88.0  32.0  45.0  
6.0  15.0  77.0  72.0  52.0  67.0  38.0  23.0  6.0  25.0  84.0  63.0  91.0  27.0  55.0  65.0  53.0  23.0  65.0  50.0  56.0  97.0  63.0  75.0  4.0  68.0  15.0  63.0  85.0  82.0  92.0  67.0  59.0  48.0  57.0  57.0  67.0  68.0  0.0  25.0  65.0  47.0  48.0  14.0  22.0  64.0  90.0  79.0  52.0  77.0  55.0  61.0  44.0  30.0  25.0  100.0  44.0  11.0  33.0  76.0  7.0  31.0  31.0  73.0  90.0  21.0  58.0  88.0  
81.0  77.0  100.0  33.0  79.0  71.0  39.0  95.0  8.0  41.0  81.0  91.0  86.0  10.0  38.0  44.0  43.0  19.0  48.0  11.0  21.0  72.0  77.0  78.0  44.0  9.0  66.0  35.0  82.0  8.0  21.0  40.0  27.0  45.0  80.0  77.0  20.0  74.0  85.0  5.0  83.0  53.0  20.0  49.0  29.0  18.0  35.0  6.0  12.0  38.0  76.0  3.0  84.0  24.0  25.0  68.0  43.0  6.0  86.0  36.0  95.0  1.0  10.0  77.0  73.0  18.0  64.0  
89.0  5.0  59.0  76.0  40.0  81.0  20.0  9.0  56.0  32.0  43.0  76.0  2.0  37.0  59.0  3.0  17.0  79.0  55.0  59.0  59.0  3.0  64.0  15.0  48.0  5.0  96.0  98.0  91.0  77.0  93.0  67.0  15.0  37.0  96.0  58.0  43.0  95.0  6.0  46.0  89.0  13.0  60.0  58.0  72.0  9.0  42.0  80.0  32.0  37.0  89.0  30.0  72.0  71.0  51.0  55.0  26.0  11.0  9.0  98.0  91.0  42.0  39.0  64.0  2.0  59.0  
71.0  14.0  52.0  21.0  90.0  91.0  73.0  68.0  10.0  6.0  75.0  28.0  65.0  9.0  76.0  73.0  59.0  64.0  23.0  5.0  63.0  41.0  36.0  52.0  79.0  42.0  89.0  50.0  95.0  64.0  8.0  45.0  47.0  78.0  4.0  66.0  16.0  15.0  78.0  31.0  75.0  49.0  52.0  69.0  91.0  59.0  40.0  47.0  87.0  84.0  69.0  51.0  79.0  61.0  80.0  85.0  0.0  82.0  32.0  59.0  84.0  2.0  11.0  10.0  14.0  
40.0  37.0  34.0  72.0  75.0  73.0  91.0  42.0  5.0  45.0  44.0  96.0  45.0  20.0  9.0  87.0  96.0  1.0  100.0  62.0  19.0  99.0  3.0  37.0  60.0  12.0  51.0  73.0  5.0  73.0  97.0  73.0  60.0  85.0  6.0  22.0  11.0  69.0  10.0  81.0  25.0  15.0  78.0  16.0  82.0  78.0  92.0  35.0  65.0  55.0  69.0  38.0  89.0  94.0  98.0  90.0  59.0  43.0  17.0  62.0  96.0  54.0  21.0  52.0  
1.0  93.0  56.0  93.0  32.0  75.0  57.0  98.0  71.0  40.0  9.0  37.0  86.0  58.0  18.0  37.0  42.0  60.0  28.0  3.0  21.0  22.0  45.0  55.0  92.0  28.0  31.0  60.0  62.0  4.0  57.0  6.0  63.0  45.0  66.0  7.0  29.0  1.0  17.0  73.0  40.0  90.0  27.0  24.0  59.0  84.0  20.0  93.0  1.0  14.0  61.0  20.0  37.0  24.0  30.0  55.0  88.0  100.0  54.0  5.0  5.0  44.0  82.0  
45.0  13.0  69.0  15.0  99.0  37.0  3.0  39.0  10.0  61.0  78.0  18.0  49.0  30.0  32.0  80.0  100.0  80.0  96.0  53.0  17.0  15.0  86.0  39.0  100.0  87.0  78.0  69.0  65.0  4.0  10.0  26.0  16.0  58.0  82.0  93.0  10.0  61.0  36.0  47.0  86.0  78.0  99.0  41.0  5.0  82.0  40.0  53.0  51.0  29.0  35.0  57.0  1.0  12.0  19.0  43.0  1.0  77.0  58.0  61.0  100.0  47.0  
37.0  33.0  61.0  7.0  58.0  82.0  36.0  61.0  20.0  54.0  32.0  78.0  74.0  24.0  16.0  23.0  90.0  62.0  12.0  100.0  9.0  48.0  98.0  43.0  11.0  45.0  69.0  80.0  84.0  89.0  51.0  54.0  74.0  34.0  52.0  35.0  84.0  22.0  37.0  60.0  27.0  60.0  7.0  65.0  7.0  60.0  67.0  7.0  29.0  58.0  0.0  22.0  23.0  69.0  87.0  83.0  38.0  93.0  28.0  78.0  9.0  
9.0  71.0  8.0  70.0  62.0  50.0  40.0  75.0  15.0  48.0  88.0  77.0  17.0  95.0  48.0  31.0  66.0  35.0  43.0  67.0  17.0  41.0  15.0  85.0  73.0  89.0  83.0  1.0  69.0  98.0  63.0  28.0  55.0  48.0  58.0  97.0  18.0  78.0  39.0  63.0  74.0  41.0  26.0  65.0  37.0  24.0  27.0  85.0  4.0  93.0  31.0  28.0  34.0  69.0  88.0  50.0  73.0  44.0  39.0  61.0  
67.0  25.0  100.0  98.0  35.0  32.0  17.0  86.0  68.0  48.0  47.0  32.0  43.0  45.0  1.0  41.0  19.0  24.0  58.0  82.0  61.0  86.0  80.0  22.0  64.0  57.0  9.0  95.0  70.0  30.0  24.0  43.0  91.0  79.0  6.0  73.0  37.0  71.0  71.0  24.0  60.0  29.0  72.0  62.0  48.0  53.0  10.0  49.0  45.0  95.0  100.0  85.0  60.0  13.0  6.0  13.0  20.0  57.0  25.0  
34.0  100.0  52.0  82.0  82.0  28.0  84.0  32.0  16.0  16.0  3.0  65.0  54.0  66.0  24.0  43.0  10.0  19.0  100.0  88.0  22.0  68.0  42.0  48.0  48.0  42.0  13.0  14.0  70.0  82.0  16.0  1.0  55.0  25.0  39.0  2.0  88.0  45.0  53.0  5.0  28.0  12.0  71.0  15.0  44.0  74.0  70.0  23.0  7.0  98.0  1.0  97.0  74.0  70.0  25.0  54.0  58.0  42.0  
59.0  18.0  27.0  11.0  96.0  62.0  66.0  1.0  87.0  93.0  62.0  72.0  99.0  29.0  74.0  4.0  92.0  46.0  55.0  57.0  31.0  56.0  65.0  19.0  75.0  4.0  5.0  29.0  71.0  41.0  99.0  30.0  48.0  76.0  66.0  18.0  74.0  92.0  19.0  54.0  97.0  36.0  10.0  66.0  99.0  74.0  40.0  24.0  62.0  91.0  36.0  97.0  52.0  79.0  33.0  41.0  7.0  
93.0  57.0  48.0  75.0  60.0  25.0  75.0  94.0  26.0  12.0  49.0  99.0  56.0  41.0  78.0  100.0  38.0  13.0  98.0  18.0  83.0  59.0  36.0  80.0  12.0  71.0  45.0  95.0  15.0  91.0  63.0  71.0  77.0  62.0  12.0  31.0  0.0  91.0  67.0  26.0  95.0  39.0  80.0  78.0  33.0  49.0  19.0  84.0  59.0  90.0  3.0  37.0  32.0  85.0  7.0  23.0  
75.0  21.0  82.0  39.0  21.0  92.0  61.0  89.0  22.0  12.0  61.0  38.0  14.0  19.0  59.0  81.0  66.0  28.0  34.0  0.0  94.0  28.0  60.0  52.0  88.0  25.0  85.0  82.0  92.0  87.0  1.0  50.0  40.0  45.0  22.0  41.0  100.0  10.0  79.0  65.0  83.0  2.0  98.0  55.0  99.0  51.0  18.0  71.0  66.0  70.0  87.0  3.0  82.0  1.0  24.0  
87.0  51.0  70.0  13.0  4.0  6.0  42.0  75.0  18.0  12.0  55.0  27.0  74.0  11.0  74.0  70.0  51.0  0.0  11.0  71.0  7.0  52.0  23.0  19.0  18.0  72.0  98.0  51.0  79.0  32.0  25.0  11.0  12.0  66.0  22.0  53.0  81.0  25.0  19.0  84.0  66.0  69.0  27.0  95.0  37.0  36.0  7.0  86.0  89.0  99.0  6.0  17.0  30.0  60.0  
2.0  6.0  41.0  10.0  29.0  70.0  85.0  90.0  16.0  40.0  51.0  70.0  21.0  26.0  25.0  65.0  46.0  34.0  38.0  25.0  7.0  49.0  31.0  93.0  90.0  56.0  23.0  17.0  87.0  22.0  1.0  84.0  88.0  30.0  74.0  22.0  28.0  38.0  11.0  21.0  5.0  10.0  44.0  39.0  47.0  9.0  15.0  96.0  33.0  32.0  38.0  2.0  43.0  
32.0  40.0  22.0  81.0  62.0  58.0  23.0  56.0  35.0  18.0  57.0  100.0  27.0  47.0  42.0  18.0  92.0  37.0  25.0  1.0  32.0  26.0  57.0  21.0  98.0  63.0  10.0  18.0  19.0  14.0  16.0  48.0  30.0  6.0  40.0  57.0  87.0  91.0  77.0  13.0  22.0  6.0  69.0  94.0  12.0  7.0  13.0  39.0  16.0  85.0  38.0  74.0  
14.0  22.0  16.0  88.0  92.0  74.0  78.0  48.0  30.0  30.0  22.0  19.0  61.0  44.0  10.0  81.0  68.0  6.0  20.0  21.0  92.0  74.0  58.0  15.0  44.0  54.0  43.0  37.0  70.0  95.0  83.0  87.0  91.0  14.0  13.0  11.0  79.0  63.0  30.0  24.0  59.0  29.0  75.0  0.0  18.0  13.0  42.0  83.0  56.0  56.0  82.0  
47.0  8.0  31.0  69.0  25.0  53.0  4.0  12.0  37.0  82.0  49.0  86.0  13.0  65.0  51.0  98.0  6.0  87.0  87.0  89.0  47.0  77.0  36.0  43.0  61.0  53.0  18.0  80.0  91.0  55.0  62.0  3.0  50.0  31.0  81.0  97.0  44.0  82.0  44.0  41.0  4.0  20.0  1.0  49.0  98.0  66.0  14.0  34.0  48.0  7.0  
12.0  14.0  64.0  48.0  57.0  57.0  68.0  32.0  47.0  93.0  30.0  16.0  29.0  21.0  58.0  51.0  52.0  68.0  39.0  29.0  80.0  18.0  39.0  5.0  93.0  33.0  37.0  91.0  29.0  0.0  58.0  80.0  10.0  86.0  35.0  59.0  76.0  61.0  29.0  15.0  11.0  67.0  58.0  99.0  82.0  12.0  56.0  96.0  39.0  
30.0  73.0  96.0  42.0  58.0  43.0  76.0  58.0  1.0  6.0  90.0  36.0  98.0  67.0  51.0  18.0  100.0  80.0  7.0  5.0  70.0  41.0  52.0  0.0  30.0  12.0  51.0  28.0  47.0  32.0  54.0  34.0  61.0  1.0  37.0  56.0  38.0  50.0  61.0  100.0  33.0  5.0  81.0  46.0  82.0  60.0  40.0  88.0  
7.0  79.0  76.0  26.0  94.0  51.0  49.0  71.0  63.0  13.0  70.0  51.0  56.0  81.0  27.0  7.0  71.0  90.0  91.0  13.0  32.0  60.0  91.0  31.0  49.0  68.0  53.0  95.0  59.0  100.0  23.0  70.0  19.0  41.0  54.0  28.0  23.0  80.0  75.0  38.0  48.0  40.0  14.0  37.0  46.0  40.0  34.0  
8.0  55.0  16.0  58.0  7.0  52.0  35.0  74.0  58.0  93.0  40.0  49.0  86.0  75.0  58.0  55.0  38.0  97.0  87.0  29.0  38.0  52.0  10.0  19.0  77.0  35.0  17.0  52.0  85.0  79.0  80.0  46.0  51.0  19.0  0.0  11.0  15.0  34.0  86.0  68.0  66.0  71.0  63.0  30.0  28.0  9.0  
28.0  90.0  40.0  14.0  62.0  64.0  90.0  20.0  39.0  91.0  31.0  63.0  18.0  3.0  34.0  93.0  39.0  58.0  41.0  48.0  58.0  70.0  3.0  88.0  57.0  14.0  45.0  22.0  51.0  19.0  6.0  74.0  0.0  68.0  15.0  35.0  43.0  100.0  46.0  84.0  82.0  31.0  17.0  11.0  96.0  
23.0  76.0  53.0  58.0  94.0  63.0  51.0  4.0  31.0  49.0  93.0  80.0  70.0  45.0  32.0  67.0  32.0  79.0  97.0  4.0  7.0  70.0  76.0  5.0  46.0  79.0  25.0  40.0  19.0  44.0  41.0  31.0  48.0  41.0  71.0  74.0  75.0  37.0  11.0  8.0  47.0  45.0  35.0  57.0  
94.0  88.0  72.0  1.0  4.0  92.0  64.0  11.0  14.0  63.0  57.0  65.0  83.0  9.0  0.0  70.0  62.0  40.0  89.0  45.0  98.0  9.0  39.0  84.0  42.0  9.0  0.0  40.0  78.0  14.0  98.0  48.0  1.0  31.0  32.0  2.0  96.0  42.0  68.0  48.0  73.0  44.0  16.0  
58.0  62.0  35.0  62.0  90.0  65.0  63.0  67.0  91.0  7.0  43.0  8.0  85.0  2.0  69.0  51.0  35.0  99.0  52.0  45.0  90.0  82.0  79.0  81.0  97.0  34.0  88.0  80.0  3.0  87.0  90.0  76.0  25.0  84.0  59.0  26.0  52.0  34.0  60.0  19.0  80.0  4.0  
40.0  100.0  3.0  78.0  14.0  76.0  71.0  91.0  93.0  11.0  57.0  14.0  93.0  97.0  98.0  36.0  71.0  17.0  45.0  68.0  15.0  3.0  85.0  47.0  98.0  95.0  84.0  27.0  88.0  93.0  64.0  51.0  44.0  87.0  20.0  19.0  50.0  10.0  11.0  33.0  72.0  
22.0  29.0  65.0  51.0  81.0  65.0  6.0  69.0  66.0  91.0  18.0  50.0  75.0  20.0  57.0  13.0  65.0  74.0  25.0  32.0  68.0  47.0  17.0  42.0  91.0  35.0  62.0  12.0  46.0  0.0  82.0  38.0  45.0  85.0  64.0  73.0  66.0  78.0  0.0  98.0  
68.0  75.0  39.0  31.0  24.0  32.0  95.0  45.0  54.0  37.0  82.0  6.0  91.0  69.0  51.0  85.0  63.0  95.0  21.0  70.0  68.0  68.0  16.0  70.0  57.0  61.0  37.0  11.0  82.0  22.0  57.0  0.0  15.0  46.0  95.0  95.0  31.0  70.0  33.0  
18.0  79.0  9.0  72.0  44.0  48.0  54.0  74.0  17.0  42.0  7.0  19.0  81.0  93.0  33.0  92.0  33.0  31.0  65.0  34.0  73.0  22.0  95.0  57.0  96.0  88.0  60.0  15.0  82.0  39.0  58.0  76.0  48.0  98.0  29.0  32.0  7.0  53.0  
88.0  21.0  4.0  97.0  32.0  57.0  15.0  65.0  74.0  8.0  2.0  37.0  71.0  8.0  57.0  66.0  90.0  50.0  64.0  49.0  2.0  7.0  39.0  22.0  21.0  24.0  56.0  22.0  8.0  2.0  76.0  10.0  57.0  21.0  37.0  62.0  42.0  
27.0  47.0  62.0  26.0  68.0  16.0  90.0  57.0  21.0  66.0  68.0  76.0  19.0  55.0  45.0  100.0  74.0  7.0  42.0  1.0  41.0  15.0  5.0  52.0  76.0  50.0  25.0  91.0  12.0  43.0  88.0  97.0  28.0  55.0  72.0  33.0  
47.0  87.0  10.0  6.0  66.0  90.0  99.0  53.0  30.0  3.0  3.0  61.0  28.0  75.0  43.0  74.0  41.0  24.0  28.0  73.0  20.0  86.0  41.0  3.0  79.0  63.0  13.0  31.0  34.0  49.0  26.0  22.0  28.0  21.0  71.0  
75.0  97.0  58.0  34.0  23.0  68.0  81.0  83.0  77.0  35.0  59.0  68.0  8.0  40.0  71.0  74.0  53.0  16.0  57.0  52.0  12.0  71.0  12.0  59.0  81.0  45.0  26.0  89.0  3.0  40.0  100.0  8.0  46.0  68.0  
47.0  34.0  26.0  25.0  72.0  51.0  89.0  90.0  62.0  71.0  87.0  81.0  6.0  77.0  83.0  24.0  46.0  25.0  98.0  1.0  83.0  97.0  95.0  66.0  81.0  95.0  7.0  13.0  25.0  91.0  29.0  62.0  53.0  
14.0  31.0  68.0  18.0  91.0  38.0  81.0  21.0  14.0  37.0  44.0  16.0  92.0  93.0  71.0  14.0  78.0  7.0  36.0  88.0  54.0  27.0  42.0  52.0  60.0  65.0  53.0  54.0  26.0  55.0  67.0  92.0  
24.0  86.0  70.0  36.0  43.0  72.0  61.0  13.0  10.0  23.0  18.0  21.0  93.0  9.0  42.0  9.0  19.0  89.0  62.0  3.0  18.0  38.0  7.0  76.0  3.0  35.0  21.0  34.0  65.0  6.0  73.0  
100.0  58.0  20.0  42.0  33.0  19.0  81.0  98.0  43.0  72.0  62.0  82.0  61.0  14.0  90.0  14.0  75.0  54.0  8.0  22.0  26.0  90.0  49.0  82.0  11.0  10.0  35.0  84.0  57.0  79.0  
26.0  52.0  12.0  83.0  77.0  39.0  54.0  98.0  77.0  87.0  58.0  13.0  12.0  45.0  80.0  70.0  51.0  3.0  4.0  54.0  54.0  22.0  10.0  50.0  71.0  37.0  9.0  32.0  81.0  
10.0  27.0  18.0  54.0  29.0  60.0  8.0  7.0  94.0  70.0  0.0  66.0  43.0  70.0  81.0  43.0  30.0  17.0  29.0  22.0  92.0  17.0  16.0  2.0  63.0  5.0  52.0  35.0  
83.0  76.0  5.0  28.0  60.0  44.0  84.0  90.0  37.0  68.0  26.0  13.0  14.0  74.0  50.0  56.0  87.0  66.0  74.0  39.0  19.0  74.0  25.0  82.0  40.0  76.0  4.0  
85.0  66.0  10.0  75.0  83.0  78.0  31.0  75.0  9.0  66.0  50.0  51.0  81.0  98.0  42.0  92.0  74.0  50.0  56.0  55.0  95.0  65.0  6.0  43.0  60.0  94.0  
35.0  8.0  87.0  39.0  40.0  11.0  92.0  24.0  21.0  57.0  58.0  68.0  97.0  94.0  10.0  81.0  2.0  64.0  35.0  27.0  78.0  95.0  65.0  42.0  36.0  
88.0  82.0  41.0  14.0  15.0  42.0  22.0  51.0  30.0  28.0  95.0  38.0  63.0  9.0  21.0  39.0  37.0  66.0  6.0  35.0  14.0  61.0  49.0  87.0  
55.0  63.0  42.0  9.0  67.0  98.0  78.0  10.0  1.0  15.0  97.0  84.0  97.0  28.0  48.0  37.0  91.0  39.0  1.0  25.0  84.0  67.0  90.0  
52.0  97.0  93.0  8.0  100.0  9.0  95.0  11.0  16.0  91.0  32.0  36.0  84.0  76.0  10.0  79.0  20.0  25.0  38.0  31.0  64.0  80.0  
34.0  86.0  66.0  44.0  12.0  77.0  37.0  94.0  79.0  30.0  74.0  87.0  57.0  18.0  16.0  5.0  24.0  39.0  46.0  15.0  62.0  
8.0  96.0  43.0  77.0  97.0  76.0  29.0  30.0  62.0  49.0  7.0  23.0  81.0  10.0  70.0  22.0  5.0  35.0  11.0  13.0  
72.0  16.0  97.0  63.0  80.0  82.0  93.0  6.0  17.0  85.0  90.0  20.0  5.0  18.0  43.0  76.0  11.0  27.0  76.0  
98.0  94.0  73.0  76.0  43.0  52.0  15.0  23.0  0.0  11.0  2.0  28.0  66.0  75.0  16.0  56.0  92.0  94.0  
57.0  1.0  0.0  43.0  40.0  23.0  87.0  87.0  8.0  1.0  43.0  19.0  58.0  13.0  63.0  40.0  36.0  
31.0  44.0  66.0  8.0  6.0  62.0  97.0  69.0  42.0  100.0  28.0  55.0  9.0  50.0  69.0  58.0  
35.0  75.0  56.0  77.0  18.0  46.0  23.0  71.0  4.0  30.0  90.0  37.0  99.0  52.0  16.0  
3.0  88.0  99.0  23.0  48.0  92.0  64.0  94.0  79.0  17.0  83.0  5.0  24.0  49.0  
21.0  44.0  43.0  14.0  23.0  90.0  25.0  43.0  38.0  58.0  15.0  56.0  19.0  
82.0  85.0  17.0  65.0  2.0  2.0  8.0  6.0  34.0  36.0  42.0  31.0  
64.0  54.0  34.0  18.0  19.0  100.0  47.0  60.0  7.0  34.0  64.0  
47.0  96.0  38.0  38.0  75.0  98.0  15.0  51.0  22.0  70.0  
55.0  24.0  95.0  72.0  71.0  12.0  14.0  9.0  96.0  
16.0  84.0  9.0  19.0  53.0  71.0  17.0  16.0  
99.0  30.0  62.0  57.0  67.0  73.0  22.0  
52.0  8.0  67.0  14.0  0.0  27.0  
44.0  63.0  56.0  26.0  71.0  
17.0  72.0  52.0  79.0  
16.0  60.0  24.0  
7.0  74.0  
67.0  
