45.0  55.0  7.0  54.0  40.0  80.0  67.0  17.0  19.0  38.0  44.0  51.0  86.0  42.0  29.0  98.0  59.0  9.0  11.0  66.0  5.0  18.0  8.0  38.0  45.0  37.0  35.0  97.0  5.0  13.0  53.0  82.0  15.0  67.0  81.0  25.0  69.0  56.0  94.0  38.0  99.0  30.0  93.0  80.0  65.0  53.0  42.0  45.0  68.0  37.0  13.0  69.0  17.0  89.0  17.0  24.0  12.0  23.0  21.0  35.0  39.0  45.0  67.0  87.0  2.0  42.0  44.0  77.0  26.0  22.0  10.0  88.0  5.0  32.0  93.0  14.0  43.0  74.0  61.0  40.0  64.0  22.0  67.0  37.0  53.0  100.0  57.0  0.0  35.0  38.0  72.0  58.0  29.0  98.0  33.0  30.0  52.0  61.0  17.0  96.0  
58.0  94.0  55.0  94.0  100.0  31.0  88.0  53.0  39.0  39.0  20.0  95.0  42.0  33.0  49.0  20.0  6.0  88.0  79.0  16.0  81.0  46.0  21.0  6.0  38.0  59.0  16.0  79.0  17.0  60.0  83.0  64.0  70.0  59.0  11.0  5.0  49.0  10.0  44.0  68.0  3.0  3.0  37.0  70.0  26.0  39.0  52.0  11.0  84.0  68.0  61.0  65.0  94.0  75.0  62.0  31.0  8.0  66.0  3.0  30.0  74.0  15.0  16.0  77.0  44.0  7.0  78.0  9.0  51.0  68.0  14.0  31.0  99.0  38.0  45.0  98.0  82.0  79.0  39.0  41.0  88.0  99.0  83.0  96.0  38.0  11.0  37.0  64.0  5.0  88.0  58.0  22.0  17.0  10.0  69.0  38.0  65.0  98.0  35.0  
86.0  8.0  36.0  76.0  23.0  83.0  66.0  76.0  4.0  63.0  64.0  76.0  6.0  16.0  2.0  85.0  56.0  88.0  37.0  81.0  34.0  78.0  58.0  38.0  67.0  56.0  10.0  53.0  14.0  66.0  26.0  16.0  35.0  24.0  70.0  72.0  15.0  61.0  80.0  100.0  72.0  40.0  46.0  1.0  24.0  66.0  3.0  62.0  72.0  6.0  49.0  23.0  70.0  46.0  26.0  68.0  79.0  90.0  24.0  93.0  2.0  96.0  1.0  33.0  87.0  13.0  64.0  10.0  100.0  41.0  94.0  22.0  42.0  24.0  0.0  55.0  74.0  3.0  68.0  15.0  52.0  33.0  21.0  98.0  18.0  32.0  20.0  25.0  74.0  73.0  40.0  49.0  19.0  38.0  2.0  21.0  58.0  78.0  
100.0  67.0  70.0  40.0  27.0  10.0  77.0  46.0  12.0  84.0  87.0  22.0  53.0  46.0  0.0  9.0  66.0  13.0  27.0  12.0  1.0  35.0  33.0  37.0  25.0  17.0  0.0  17.0  61.0  10.0  32.0  90.0  72.0  63.0  3.0  8.0  40.0  13.0  16.0  93.0  30.0  76.0  47.0  58.0  22.0  48.0  60.0  81.0  27.0  25.0  51.0  65.0  95.0  50.0  42.0  50.0  62.0  33.0  28.0  3.0  35.0  0.0  71.0  98.0  34.0  2.0  23.0  59.0  91.0  79.0  19.0  80.0  61.0  50.0  71.0  37.0  85.0  61.0  43.0  90.0  13.0  54.0  61.0  4.0  91.0  3.0  79.0  23.0  98.0  25.0  20.0  86.0  35.0  67.0  89.0  47.0  81.0  
65.0  96.0  56.0  45.0  76.0  70.0  41.0  53.0  3.0  91.0  96.0  10.0  3.0  68.0  12.0  10.0  88.0  52.0  33.0  51.0  59.0  60.0  8.0  81.0  34.0  88.0  81.0  93.0  69.0  31.0  59.0  32.0  42.0  94.0  80.0  95.0  77.0  13.0  57.0  59.0  58.0  45.0  87.0  89.0  8.0  29.0  1.0  18.0  69.0  59.0  76.0  92.0  16.0  76.0  45.0  99.0  15.0  28.0  42.0  84.0  89.0  76.0  97.0  13.0  72.0  93.0  7.0  59.0  72.0  8.0  87.0  64.0  33.0  37.0  35.0  39.0  84.0  32.0  72.0  36.0  88.0  32.0  2.0  91.0  12.0  88.0  36.0  33.0  32.0  38.0  6.0  2.0  64.0  75.0  36.0  55.0  
49.0  9.0  41.0  29.0  13.0  63.0  11.0  99.0  78.0  14.0  71.0  23.0  48.0  6.0  84.0  43.0  74.0  74.0  75.0  87.0  66.0  29.0  24.0  73.0  55.0  32.0  63.0  45.0  33.0  84.0  23.0  69.0  30.0  9.0  39.0  80.0  53.0  76.0  67.0  83.0  65.0  17.0  28.0  18.0  55.0  100.0  31.0  24.0  97.0  32.0  0.0  26.0  67.0  48.0  90.0  0.0  44.0  61.0  42.0  90.0  37.0  62.0  96.0  32.0  30.0  22.0  4.0  71.0  90.0  80.0  89.0  69.0  83.0  58.0  63.0  65.0  98.0  100.0  98.0  95.0  99.0  52.0  86.0  84.0  29.0  57.0  48.0  46.0  3.0  1.0  42.0  2.0  29.0  35.0  56.0  
47.0  76.0  83.0  100.0  32.0  40.0  90.0  75.0  44.0  60.0  76.0  13.0  85.0  13.0  80.0  49.0  23.0  33.0  24.0  97.0  40.0  97.0  94.0  76.0  72.0  43.0  75.0  37.0  90.0  93.0  54.0  47.0  90.0  75.0  72.0  18.0  6.0  45.0  62.0  32.0  32.0  45.0  33.0  28.0  50.0  66.0  73.0  95.0  60.0  71.0  83.0  4.0  41.0  26.0  78.0  54.0  80.0  88.0  71.0  87.0  71.0  9.0  4.0  19.0  43.0  26.0  97.0  100.0  43.0  32.0  73.0  74.0  23.0  94.0  90.0  87.0  89.0  4.0  8.0  86.0  28.0  68.0  42.0  23.0  34.0  51.0  77.0  10.0  50.0  90.0  71.0  60.0  52.0  2.0  
73.0  44.0  33.0  34.0  73.0  52.0  25.0  70.0  98.0  96.0  94.0  51.0  6.0  89.0  0.0  0.0  53.0  50.0  10.0  90.0  93.0  75.0  15.0  42.0  22.0  45.0  59.0  78.0  72.0  70.0  100.0  36.0  67.0  14.0  14.0  81.0  12.0  70.0  42.0  93.0  86.0  42.0  99.0  83.0  35.0  41.0  61.0  24.0  54.0  90.0  78.0  28.0  11.0  87.0  95.0  42.0  71.0  37.0  15.0  61.0  9.0  68.0  28.0  67.0  27.0  41.0  54.0  41.0  33.0  9.0  85.0  63.0  0.0  72.0  18.0  11.0  2.0  58.0  96.0  97.0  75.0  0.0  19.0  37.0  14.0  23.0  44.0  8.0  41.0  26.0  55.0  79.0  28.0  
0.0  45.0  82.0  81.0  75.0  56.0  2.0  64.0  13.0  4.0  49.0  0.0  69.0  73.0  79.0  64.0  70.0  78.0  6.0  46.0  83.0  11.0  22.0  9.0  89.0  69.0  83.0  96.0  0.0  73.0  20.0  48.0  87.0  49.0  52.0  27.0  22.0  65.0  33.0  9.0  37.0  64.0  24.0  21.0  70.0  64.0  95.0  95.0  75.0  7.0  33.0  47.0  9.0  54.0  16.0  33.0  19.0  49.0  91.0  8.0  4.0  29.0  80.0  81.0  25.0  3.0  22.0  72.0  57.0  34.0  44.0  50.0  43.0  12.0  67.0  8.0  34.0  95.0  32.0  70.0  96.0  6.0  91.0  17.0  18.0  67.0  83.0  99.0  72.0  40.0  9.0  13.0  
3.0  37.0  90.0  14.0  12.0  8.0  83.0  15.0  14.0  40.0  61.0  68.0  11.0  54.0  76.0  32.0  37.0  52.0  74.0  1.0  33.0  34.0  6.0  94.0  50.0  94.0  86.0  96.0  22.0  16.0  33.0  5.0  49.0  45.0  96.0  19.0  59.0  57.0  94.0  46.0  11.0  69.0  97.0  99.0  24.0  51.0  52.0  80.0  91.0  39.0  22.0  57.0  41.0  87.0  99.0  97.0  47.0  69.0  42.0  4.0  61.0  81.0  13.0  71.0  70.0  26.0  24.0  35.0  16.0  1.0  65.0  38.0  50.0  75.0  35.0  19.0  76.0  63.0  91.0  100.0  51.0  93.0  15.0  38.0  38.0  57.0  98.0  36.0  91.0  25.0  49.0  
47.0  40.0  68.0  100.0  58.0  37.0  42.0  15.0  82.0  21.0  65.0  7.0  87.0  83.0  33.0  41.0  26.0  86.0  22.0  54.0  94.0  100.0  18.0  23.0  49.0  31.0  23.0  30.0  4.0  34.0  24.0  98.0  37.0  15.0  85.0  38.0  67.0  69.0  24.0  61.0  68.0  89.0  64.0  48.0  79.0  54.0  94.0  40.0  79.0  100.0  41.0  96.0  71.0  44.0  90.0  88.0  63.0  14.0  26.0  37.0  40.0  78.0  64.0  39.0  30.0  19.0  29.0  88.0  99.0  9.0  17.0  25.0  86.0  43.0  85.0  20.0  54.0  68.0  63.0  62.0  87.0  36.0  49.0  27.0  82.0  73.0  61.0  58.0  100.0  43.0  
9.0  16.0  53.0  36.0  67.0  56.0  16.0  96.0  66.0  27.0  37.0  59.0  20.0  30.0  98.0  26.0  61.0  0.0  97.0  39.0  72.0  19.0  71.0  6.0  1.0  81.0  18.0  97.0  28.0  43.0  42.0  86.0  10.0  8.0  92.0  90.0  43.0  90.0  0.0  96.0  35.0  9.0  61.0  82.0  52.0  15.0  90.0  38.0  74.0  79.0  52.0  1.0  13.0  98.0  27.0  40.0  96.0  3.0  16.0  52.0  59.0  53.0  85.0  30.0  62.0  86.0  77.0  35.0  69.0  64.0  37.0  71.0  76.0  91.0  73.0  91.0  75.0  3.0  1.0  47.0  50.0  80.0  65.0  35.0  74.0  8.0  76.0  56.0  13.0  
90.0  41.0  39.0  23.0  74.0  1.0  89.0  67.0  6.0  84.0  87.0  58.0  5.0  34.0  4.0  91.0  52.0  77.0  70.0  87.0  92.0  0.0  68.0  35.0  94.0  49.0  39.0  66.0  1.0  56.0  67.0  99.0  37.0  83.0  69.0  39.0  96.0  40.0  46.0  41.0  99.0  64.0  86.0  87.0  17.0  74.0  61.0  65.0  83.0  99.0  52.0  1.0  33.0  25.0  33.0  15.0  61.0  70.0  43.0  45.0  76.0  76.0  63.0  60.0  79.0  98.0  47.0  61.0  31.0  38.0  75.0  83.0  46.0  19.0  82.0  41.0  7.0  15.0  73.0  52.0  32.0  4.0  55.0  9.0  2.0  69.0  22.0  52.0  
86.0  49.0  21.0  0.0  93.0  14.0  92.0  59.0  65.0  80.0  28.0  57.0  15.0  49.0  18.0  15.0  82.0  100.0  37.0  9.0  94.0  75.0  45.0  100.0  69.0  81.0  46.0  21.0  13.0  40.0  91.0  77.0  66.0  19.0  84.0  19.0  77.0  26.0  20.0  79.0  46.0  17.0  91.0  22.0  22.0  1.0  16.0  57.0  38.0  35.0  10.0  74.0  81.0  73.0  19.0  69.0  12.0  48.0  45.0  68.0  63.0  75.0  76.0  56.0  59.0  84.0  54.0  90.0  24.0  94.0  7.0  29.0  38.0  66.0  26.0  42.0  10.0  63.0  57.0  14.0  52.0  98.0  24.0  92.0  21.0  57.0  38.0  
34.0  54.0  17.0  56.0  89.0  89.0  66.0  57.0  40.0  95.0  19.0  74.0  51.0  12.0  34.0  28.0  17.0  76.0  22.0  31.0  32.0  80.0  38.0  38.0  27.0  6.0  74.0  59.0  47.0  38.0  79.0  10.0  79.0  85.0  18.0  74.0  51.0  81.0  9.0  29.0  55.0  73.0  20.0  68.0  73.0  87.0  0.0  35.0  30.0  9.0  66.0  100.0  41.0  44.0  57.0  38.0  48.0  66.0  34.0  11.0  82.0  52.0  51.0  75.0  52.0  11.0  71.0  44.0  28.0  80.0  49.0  40.0  41.0  45.0  12.0  33.0  73.0  55.0  72.0  84.0  93.0  47.0  27.0  34.0  95.0  69.0  
71.0  92.0  5.0  26.0  98.0  17.0  65.0  78.0  5.0  42.0  96.0  80.0  86.0  28.0  64.0  38.0  52.0  57.0  88.0  64.0  56.0  27.0  26.0  46.0  30.0  57.0  58.0  71.0  4.0  48.0  92.0  30.0  96.0  17.0  43.0  13.0  85.0  89.0  61.0  24.0  78.0  15.0  16.0  74.0  64.0  42.0  74.0  15.0  9.0  12.0  6.0  20.0  74.0  20.0  4.0  68.0  96.0  53.0  24.0  50.0  64.0  53.0  87.0  3.0  88.0  66.0  54.0  4.0  85.0  55.0  21.0  21.0  17.0  44.0  36.0  47.0  57.0  92.0  98.0  99.0  79.0  84.0  47.0  27.0  18.0  
92.0  80.0  44.0  70.0  50.0  91.0  37.0  2.0  96.0  74.0  28.0  91.0  73.0  88.0  36.0  7.0  50.0  13.0  45.0  37.0  80.0  2.0  45.0  58.0  15.0  51.0  88.0  52.0  16.0  62.0  0.0  83.0  65.0  2.0  25.0  70.0  42.0  33.0  69.0  93.0  4.0  57.0  1.0  47.0  92.0  94.0  20.0  36.0  43.0  53.0  77.0  48.0  10.0  98.0  35.0  73.0  71.0  100.0  93.0  69.0  78.0  99.0  83.0  35.0  28.0  57.0  12.0  74.0  56.0  29.0  98.0  11.0  93.0  63.0  44.0  50.0  15.0  64.0  60.0  54.0  56.0  65.0  92.0  77.0  
100.0  50.0  96.0  49.0  59.0  8.0  12.0  80.0  35.0  91.0  51.0  35.0  4.0  54.0  65.0  95.0  0.0  23.0  16.0  16.0  29.0  57.0  67.0  13.0  90.0  11.0  52.0  57.0  74.0  19.0  42.0  72.0  41.0  93.0  32.0  97.0  18.0  42.0  42.0  44.0  80.0  6.0  25.0  59.0  94.0  74.0  58.0  13.0  74.0  12.0  38.0  4.0  21.0  11.0  30.0  1.0  54.0  16.0  71.0  69.0  1.0  24.0  99.0  77.0  56.0  69.0  84.0  54.0  25.0  21.0  30.0  33.0  33.0  66.0  22.0  86.0  2.0  34.0  64.0  60.0  90.0  94.0  23.0  
35.0  84.0  30.0  53.0  82.0  78.0  32.0  19.0  62.0  79.0  95.0  90.0  81.0  27.0  21.0  31.0  2.0  32.0  45.0  71.0  8.0  15.0  86.0  61.0  28.0  48.0  49.0  21.0  34.0  5.0  26.0  92.0  16.0  76.0  59.0  22.0  89.0  53.0  96.0  39.0  45.0  95.0  39.0  74.0  58.0  83.0  29.0  74.0  74.0  39.0  39.0  56.0  90.0  50.0  97.0  16.0  77.0  41.0  63.0  88.0  29.0  58.0  8.0  91.0  17.0  39.0  20.0  62.0  81.0  77.0  96.0  83.0  47.0  5.0  14.0  41.0  99.0  89.0  8.0  95.0  62.0  12.0  
70.0  87.0  60.0  5.0  77.0  37.0  0.0  31.0  31.0  0.0  93.0  21.0  78.0  48.0  49.0  59.0  19.0  19.0  22.0  8.0  78.0  13.0  28.0  26.0  16.0  12.0  96.0  21.0  20.0  40.0  93.0  44.0  72.0  14.0  38.0  16.0  36.0  27.0  49.0  7.0  74.0  79.0  33.0  20.0  62.0  11.0  18.0  52.0  64.0  42.0  55.0  12.0  76.0  57.0  12.0  54.0  68.0  96.0  62.0  77.0  32.0  87.0  82.0  49.0  4.0  42.0  11.0  10.0  81.0  54.0  25.0  84.0  3.0  62.0  42.0  32.0  2.0  90.0  70.0  30.0  25.0  
100.0  28.0  66.0  23.0  100.0  23.0  6.0  15.0  67.0  42.0  64.0  51.0  16.0  90.0  65.0  50.0  92.0  34.0  21.0  18.0  35.0  36.0  6.0  94.0  33.0  5.0  29.0  51.0  100.0  56.0  63.0  55.0  73.0  100.0  59.0  98.0  95.0  12.0  79.0  84.0  42.0  48.0  10.0  78.0  99.0  82.0  38.0  17.0  27.0  38.0  85.0  37.0  56.0  34.0  19.0  72.0  75.0  42.0  79.0  40.0  8.0  92.0  96.0  83.0  57.0  77.0  42.0  50.0  22.0  90.0  77.0  49.0  54.0  24.0  34.0  23.0  57.0  84.0  15.0  67.0  
23.0  52.0  56.0  28.0  76.0  48.0  23.0  50.0  69.0  15.0  67.0  19.0  41.0  30.0  12.0  76.0  26.0  95.0  20.0  5.0  79.0  68.0  84.0  38.0  74.0  53.0  79.0  61.0  7.0  58.0  21.0  68.0  36.0  92.0  55.0  17.0  85.0  41.0  6.0  40.0  57.0  75.0  94.0  86.0  91.0  40.0  39.0  87.0  34.0  71.0  85.0  95.0  35.0  5.0  84.0  58.0  100.0  13.0  24.0  13.0  15.0  86.0  23.0  33.0  75.0  39.0  34.0  6.0  42.0  78.0  98.0  27.0  72.0  57.0  80.0  35.0  36.0  55.0  61.0  
89.0  68.0  99.0  3.0  23.0  90.0  42.0  66.0  65.0  65.0  65.0  97.0  86.0  64.0  33.0  24.0  98.0  15.0  49.0  63.0  33.0  26.0  21.0  84.0  29.0  70.0  18.0  96.0  11.0  97.0  58.0  69.0  98.0  7.0  34.0  56.0  73.0  97.0  52.0  81.0  33.0  27.0  20.0  33.0  32.0  41.0  84.0  71.0  89.0  86.0  14.0  62.0  42.0  36.0  79.0  5.0  26.0  6.0  31.0  67.0  7.0  75.0  54.0  28.0  81.0  58.0  20.0  24.0  73.0  57.0  7.0  68.0  38.0  32.0  2.0  6.0  43.0  18.0  
15.0  82.0  79.0  11.0  15.0  99.0  79.0  74.0  52.0  25.0  60.0  30.0  98.0  38.0  79.0  78.0  7.0  40.0  30.0  75.0  97.0  78.0  81.0  49.0  50.0  76.0  79.0  47.0  92.0  34.0  64.0  82.0  72.0  13.0  10.0  23.0  90.0  19.0  32.0  44.0  66.0  75.0  2.0  37.0  3.0  15.0  62.0  50.0  30.0  82.0  41.0  32.0  98.0  26.0  11.0  33.0  36.0  100.0  89.0  0.0  91.0  69.0  12.0  77.0  25.0  36.0  70.0  61.0  11.0  72.0  14.0  1.0  59.0  98.0  62.0  19.0  93.0  
64.0  50.0  75.0  17.0  48.0  89.0  78.0  37.0  97.0  72.0  54.0  15.0  57.0  77.0  23.0  48.0  64.0  27.0  49.0  81.0  36.0  20.0  82.0  34.0  97.0  45.0  64.0  14.0  38.0  10.0  76.0  59.0  29.0  16.0  36.0  90.0  25.0  72.0  30.0  36.0  54.0  75.0  16.0  38.0  51.0  34.0  51.0  19.0  2.0  66.0  80.0  62.0  82.0  63.0  53.0  52.0  19.0  7.0  79.0  5.0  37.0  61.0  60.0  75.0  39.0  45.0  41.0  47.0  46.0  50.0  19.0  90.0  29.0  69.0  71.0  41.0  
53.0  52.0  59.0  77.0  82.0  17.0  11.0  2.0  55.0  3.0  6.0  95.0  42.0  15.0  44.0  96.0  76.0  1.0  90.0  63.0  7.0  13.0  40.0  51.0  90.0  96.0  89.0  54.0  95.0  81.0  88.0  87.0  76.0  41.0  36.0  58.0  99.0  22.0  11.0  80.0  25.0  89.0  67.0  0.0  50.0  89.0  50.0  63.0  95.0  77.0  6.0  79.0  73.0  21.0  52.0  43.0  61.0  67.0  75.0  2.0  60.0  81.0  15.0  32.0  83.0  20.0  2.0  29.0  98.0  6.0  67.0  33.0  46.0  17.0  64.0  
64.0  43.0  72.0  57.0  63.0  3.0  46.0  48.0  77.0  80.0  71.0  30.0  87.0  72.0  26.0  75.0  49.0  19.0  20.0  87.0  78.0  57.0  10.0  92.0  21.0  57.0  18.0  88.0  42.0  69.0  28.0  99.0  71.0  17.0  44.0  11.0  53.0  62.0  23.0  90.0  43.0  85.0  10.0  80.0  75.0  97.0  21.0  53.0  39.0  48.0  30.0  36.0  55.0  9.0  25.0  67.0  38.0  12.0  24.0  71.0  47.0  66.0  62.0  82.0  85.0  61.0  1.0  3.0  28.0  10.0  24.0  71.0  95.0  32.0  
39.0  4.0  52.0  73.0  17.0  11.0  89.0  90.0  82.0  83.0  64.0  14.0  62.0  55.0  75.0  9.0  24.0  28.0  81.0  59.0  24.0  66.0  24.0  7.0  2.0  34.0  62.0  81.0  73.0  85.0  42.0  97.0  56.0  29.0  40.0  45.0  57.0  100.0  2.0  23.0  31.0  71.0  68.0  94.0  77.0  82.0  68.0  59.0  46.0  90.0  51.0  100.0  58.0  35.0  18.0  43.0  71.0  9.0  96.0  31.0  12.0  32.0  54.0  92.0  74.0  16.0  14.0  8.0  8.0  15.0  12.0  48.0  70.0  
97.0  8.0  41.0  96.0  96.0  74.0  12.0  8.0  52.0  41.0  71.0  15.0  47.0  4.0  76.0  77.0  64.0  48.0  81.0  67.0  28.0  81.0  63.0  29.0  58.0  79.0  30.0  38.0  100.0  49.0  67.0  70.0  86.0  59.0  100.0  94.0  82.0  4.0  76.0  34.0  57.0  86.0  84.0  80.0  35.0  12.0  49.0  85.0  28.0  51.0  94.0  87.0  66.0  57.0  68.0  11.0  74.0  3.0  45.0  84.0  41.0  33.0  63.0  34.0  72.0  75.0  51.0  79.0  49.0  53.0  58.0  4.0  
94.0  57.0  3.0  23.0  10.0  69.0  48.0  30.0  37.0  78.0  90.0  4.0  19.0  29.0  29.0  68.0  71.0  41.0  27.0  33.0  64.0  17.0  12.0  79.0  48.0  39.0  89.0  5.0  2.0  61.0  28.0  38.0  47.0  78.0  52.0  89.0  12.0  24.0  63.0  56.0  15.0  72.0  53.0  14.0  34.0  51.0  51.0  70.0  33.0  78.0  50.0  96.0  14.0  77.0  90.0  66.0  0.0  35.0  43.0  61.0  22.0  77.0  19.0  61.0  84.0  70.0  63.0  63.0  17.0  47.0  48.0  
40.0  41.0  52.0  38.0  70.0  3.0  28.0  13.0  34.0  77.0  93.0  69.0  10.0  2.0  47.0  38.0  82.0  41.0  75.0  65.0  7.0  94.0  18.0  24.0  50.0  47.0  31.0  77.0  48.0  20.0  91.0  25.0  83.0  28.0  16.0  33.0  23.0  71.0  92.0  73.0  41.0  81.0  75.0  26.0  50.0  71.0  54.0  39.0  68.0  33.0  11.0  45.0  5.0  84.0  75.0  96.0  39.0  10.0  89.0  87.0  35.0  10.0  63.0  42.0  99.0  28.0  32.0  28.0  63.0  49.0  
43.0  0.0  63.0  30.0  37.0  59.0  96.0  100.0  11.0  82.0  93.0  62.0  0.0  48.0  17.0  84.0  41.0  58.0  35.0  91.0  47.0  60.0  73.0  99.0  78.0  37.0  79.0  90.0  26.0  27.0  2.0  67.0  82.0  41.0  88.0  83.0  96.0  48.0  42.0  62.0  3.0  6.0  34.0  18.0  0.0  72.0  62.0  91.0  16.0  95.0  1.0  85.0  49.0  97.0  9.0  70.0  74.0  68.0  42.0  37.0  47.0  84.0  68.0  35.0  15.0  32.0  21.0  17.0  3.0  
86.0  88.0  68.0  72.0  7.0  81.0  82.0  66.0  26.0  79.0  58.0  71.0  16.0  20.0  14.0  73.0  88.0  0.0  37.0  61.0  46.0  29.0  41.0  15.0  88.0  72.0  73.0  41.0  67.0  54.0  17.0  92.0  22.0  40.0  19.0  93.0  96.0  50.0  38.0  10.0  93.0  29.0  80.0  59.0  44.0  98.0  51.0  8.0  52.0  9.0  71.0  81.0  62.0  49.0  29.0  37.0  56.0  43.0  9.0  32.0  3.0  96.0  48.0  41.0  96.0  92.0  46.0  35.0  
49.0  98.0  38.0  77.0  19.0  70.0  10.0  2.0  44.0  29.0  55.0  100.0  30.0  47.0  86.0  34.0  11.0  60.0  93.0  77.0  56.0  18.0  2.0  39.0  19.0  65.0  69.0  2.0  26.0  53.0  40.0  18.0  23.0  27.0  86.0  28.0  97.0  81.0  79.0  95.0  40.0  40.0  22.0  60.0  3.0  42.0  74.0  42.0  20.0  48.0  84.0  54.0  34.0  90.0  56.0  12.0  91.0  10.0  14.0  11.0  31.0  11.0  2.0  30.0  91.0  55.0  65.0  
65.0  30.0  56.0  81.0  91.0  55.0  15.0  71.0  48.0  62.0  68.0  76.0  9.0  8.0  16.0  29.0  45.0  12.0  86.0  37.0  93.0  68.0  91.0  77.0  27.0  0.0  19.0  52.0  33.0  19.0  57.0  92.0  17.0  49.0  49.0  48.0  27.0  26.0  92.0  95.0  32.0  85.0  35.0  40.0  95.0  24.0  70.0  91.0  32.0  57.0  38.0  51.0  70.0  66.0  61.0  19.0  51.0  7.0  40.0  99.0  38.0  32.0  44.0  14.0  92.0  0.0  
86.0  86.0  88.0  83.0  56.0  58.0  17.0  11.0  68.0  37.0  77.0  1.0  51.0  31.0  21.0  36.0  22.0  56.0  79.0  43.0  97.0  85.0  70.0  20.0  87.0  72.0  13.0  92.0  69.0  14.0  89.0  94.0  92.0  83.0  12.0  57.0  19.0  87.0  92.0  16.0  10.0  86.0  40.0  47.0  93.0  5.0  18.0  61.0  55.0  17.0  30.0  79.0  3.0  64.0  21.0  64.0  68.0  79.0  56.0  67.0  91.0  22.0  28.0  90.0  25.0  
97.0  53.0  43.0  17.0  88.0  79.0  44.0  45.0  34.0  82.0  1.0  97.0  72.0  81.0  8.0  43.0  20.0  48.0  81.0  28.0  75.0  60.0  59.0  60.0  31.0  62.0  12.0  0.0  34.0  94.0  95.0  56.0  0.0  91.0  49.0  39.0  52.0  2.0  21.0  8.0  97.0  86.0  64.0  1.0  86.0  88.0  82.0  34.0  98.0  59.0  75.0  12.0  70.0  9.0  33.0  79.0  74.0  91.0  78.0  100.0  33.0  90.0  58.0  85.0  
59.0  85.0  40.0  1.0  53.0  82.0  37.0  56.0  88.0  11.0  3.0  78.0  20.0  23.0  72.0  71.0  47.0  36.0  54.0  77.0  44.0  6.0  69.0  9.0  15.0  62.0  98.0  55.0  60.0  15.0  7.0  81.0  13.0  64.0  27.0  71.0  32.0  45.0  16.0  9.0  86.0  58.0  78.0  35.0  44.0  1.0  48.0  63.0  6.0  67.0  11.0  96.0  98.0  23.0  56.0  76.0  60.0  86.0  52.0  73.0  9.0  65.0  32.0  
25.0  100.0  5.0  72.0  41.0  91.0  50.0  1.0  83.0  30.0  69.0  93.0  97.0  4.0  76.0  6.0  9.0  7.0  41.0  48.0  80.0  15.0  83.0  66.0  99.0  75.0  1.0  70.0  51.0  93.0  10.0  43.0  93.0  57.0  0.0  39.0  81.0  68.0  15.0  41.0  97.0  33.0  69.0  42.0  89.0  17.0  18.0  36.0  78.0  63.0  86.0  98.0  89.0  100.0  74.0  15.0  33.0  64.0  3.0  19.0  33.0  64.0  
99.0  55.0  39.0  33.0  100.0  22.0  95.0  36.0  3.0  74.0  68.0  57.0  2.0  28.0  46.0  49.0  51.0  72.0  88.0  95.0  20.0  80.0  28.0  7.0  82.0  68.0  32.0  82.0  72.0  95.0  99.0  3.0  94.0  81.0  65.0  16.0  59.0  43.0  83.0  28.0  60.0  82.0  47.0  48.0  62.0  73.0  4.0  40.0  39.0  74.0  33.0  5.0  15.0  10.0  26.0  23.0  5.0  15.0  77.0  19.0  56.0  
63.0  25.0  82.0  12.0  3.0  29.0  97.0  23.0  14.0  82.0  14.0  21.0  17.0  48.0  21.0  31.0  90.0  86.0  89.0  69.0  45.0  21.0  42.0  94.0  57.0  99.0  50.0  54.0  96.0  71.0  97.0  58.0  63.0  28.0  28.0  30.0  16.0  8.0  56.0  34.0  94.0  96.0  7.0  91.0  9.0  65.0  10.0  86.0  93.0  41.0  87.0  22.0  32.0  77.0  59.0  68.0  14.0  35.0  56.0  54.0  
15.0  29.0  1.0  0.0  46.0  20.0  14.0  60.0  82.0  10.0  51.0  3.0  100.0  28.0  90.0  11.0  58.0  42.0  41.0  36.0  22.0  27.0  92.0  17.0  23.0  65.0  34.0  50.0  21.0  79.0  8.0  35.0  97.0  41.0  39.0  80.0  57.0  57.0  78.0  21.0  53.0  87.0  2.0  32.0  60.0  92.0  56.0  3.0  94.0  86.0  46.0  64.0  78.0  49.0  21.0  89.0  55.0  56.0  59.0  
41.0  13.0  65.0  55.0  29.0  51.0  2.0  1.0  13.0  58.0  47.0  21.0  42.0  85.0  83.0  1.0  3.0  26.0  37.0  5.0  74.0  83.0  39.0  75.0  79.0  13.0  6.0  7.0  93.0  93.0  63.0  70.0  49.0  77.0  54.0  39.0  19.0  80.0  26.0  77.0  52.0  78.0  59.0  67.0  69.0  78.0  62.0  19.0  35.0  1.0  17.0  31.0  24.0  92.0  18.0  47.0  19.0  31.0  
68.0  57.0  78.0  17.0  53.0  99.0  25.0  39.0  89.0  84.0  59.0  49.0  72.0  6.0  46.0  85.0  24.0  11.0  16.0  47.0  66.0  34.0  68.0  100.0  5.0  100.0  79.0  96.0  97.0  76.0  68.0  68.0  56.0  52.0  7.0  18.0  0.0  14.0  44.0  59.0  89.0  1.0  33.0  56.0  87.0  71.0  65.0  10.0  45.0  1.0  23.0  97.0  9.0  96.0  1.0  31.0  17.0  
92.0  14.0  37.0  1.0  93.0  62.0  90.0  85.0  95.0  33.0  33.0  67.0  39.0  23.0  97.0  85.0  98.0  25.0  74.0  69.0  48.0  55.0  48.0  43.0  33.0  37.0  22.0  80.0  20.0  46.0  10.0  36.0  19.0  89.0  47.0  85.0  80.0  46.0  35.0  93.0  38.0  100.0  8.0  87.0  42.0  41.0  8.0  93.0  82.0  99.0  40.0  44.0  57.0  59.0  63.0  32.0  
20.0  89.0  48.0  44.0  89.0  42.0  54.0  14.0  48.0  55.0  26.0  81.0  81.0  52.0  18.0  23.0  39.0  77.0  40.0  2.0  39.0  97.0  60.0  36.0  37.0  63.0  77.0  57.0  26.0  35.0  20.0  80.0  10.0  67.0  94.0  66.0  55.0  72.0  16.0  9.0  11.0  46.0  22.0  89.0  27.0  44.0  78.0  1.0  32.0  11.0  5.0  81.0  22.0  75.0  46.0  
61.0  6.0  31.0  22.0  32.0  58.0  31.0  43.0  49.0  60.0  87.0  36.0  7.0  40.0  54.0  18.0  57.0  90.0  15.0  68.0  84.0  47.0  42.0  9.0  2.0  11.0  59.0  97.0  9.0  74.0  44.0  49.0  15.0  72.0  95.0  2.0  56.0  26.0  38.0  49.0  79.0  86.0  81.0  10.0  11.0  45.0  53.0  50.0  93.0  99.0  58.0  89.0  7.0  27.0  
86.0  80.0  47.0  74.0  100.0  8.0  94.0  5.0  51.0  47.0  13.0  49.0  41.0  33.0  22.0  64.0  66.0  33.0  89.0  95.0  30.0  30.0  43.0  96.0  88.0  87.0  77.0  54.0  67.0  77.0  28.0  77.0  68.0  32.0  12.0  28.0  77.0  3.0  37.0  29.0  46.0  67.0  93.0  99.0  6.0  26.0  42.0  46.0  11.0  11.0  0.0  84.0  22.0  
21.0  56.0  9.0  68.0  79.0  4.0  46.0  15.0  32.0  82.0  4.0  15.0  19.0  58.0  43.0  58.0  8.0  61.0  5.0  87.0  10.0  43.0  33.0  30.0  93.0  80.0  37.0  40.0  85.0  56.0  12.0  87.0  52.0  44.0  91.0  27.0  85.0  31.0  94.0  38.0  95.0  96.0  89.0  2.0  34.0  68.0  31.0  3.0  78.0  54.0  71.0  87.0  
2.0  95.0  65.0  68.0  100.0  17.0  40.0  77.0  32.0  72.0  30.0  50.0  4.0  69.0  75.0  57.0  42.0  23.0  22.0  89.0  97.0  76.0  30.0  80.0  27.0  45.0  65.0  5.0  21.0  39.0  62.0  16.0  67.0  86.0  32.0  71.0  44.0  43.0  36.0  82.0  50.0  83.0  22.0  57.0  60.0  56.0  69.0  17.0  26.0  94.0  20.0  
38.0  15.0  96.0  32.0  53.0  89.0  82.0  59.0  87.0  22.0  39.0  24.0  11.0  52.0  35.0  88.0  60.0  6.0  36.0  64.0  84.0  64.0  47.0  15.0  80.0  16.0  43.0  36.0  49.0  51.0  67.0  20.0  86.0  39.0  67.0  65.0  90.0  57.0  44.0  44.0  32.0  26.0  53.0  14.0  55.0  16.0  18.0  6.0  85.0  46.0  
55.0  38.0  69.0  90.0  3.0  65.0  78.0  45.0  17.0  67.0  93.0  23.0  11.0  81.0  78.0  1.0  45.0  13.0  19.0  96.0  51.0  12.0  66.0  91.0  73.0  71.0  20.0  6.0  86.0  52.0  48.0  20.0  85.0  94.0  19.0  94.0  67.0  12.0  25.0  87.0  56.0  53.0  1.0  85.0  71.0  27.0  74.0  49.0  75.0  
30.0  4.0  24.0  51.0  78.0  96.0  38.0  23.0  2.0  66.0  58.0  80.0  24.0  82.0  88.0  12.0  26.0  56.0  24.0  36.0  58.0  70.0  87.0  0.0  79.0  43.0  0.0  9.0  95.0  94.0  55.0  76.0  33.0  12.0  98.0  52.0  98.0  39.0  52.0  47.0  100.0  6.0  23.0  83.0  72.0  51.0  44.0  81.0  
2.0  16.0  8.0  69.0  40.0  33.0  34.0  30.0  47.0  32.0  6.0  65.0  84.0  8.0  4.0  100.0  49.0  77.0  1.0  6.0  16.0  47.0  37.0  21.0  50.0  38.0  18.0  25.0  6.0  13.0  77.0  50.0  3.0  55.0  61.0  85.0  99.0  48.0  55.0  10.0  70.0  36.0  23.0  20.0  28.0  32.0  21.0  
44.0  0.0  9.0  44.0  65.0  92.0  74.0  14.0  52.0  74.0  15.0  77.0  0.0  80.0  63.0  98.0  4.0  29.0  59.0  2.0  35.0  47.0  90.0  92.0  45.0  95.0  100.0  89.0  69.0  35.0  59.0  4.0  28.0  91.0  6.0  74.0  22.0  39.0  55.0  61.0  88.0  42.0  37.0  83.0  87.0  56.0  
88.0  79.0  66.0  83.0  57.0  81.0  39.0  17.0  57.0  1.0  62.0  65.0  62.0  68.0  25.0  37.0  19.0  5.0  80.0  18.0  83.0  86.0  13.0  4.0  4.0  46.0  19.0  63.0  79.0  61.0  8.0  74.0  76.0  98.0  71.0  28.0  52.0  41.0  88.0  27.0  72.0  31.0  62.0  53.0  4.0  
50.0  14.0  31.0  88.0  27.0  25.0  10.0  69.0  82.0  51.0  27.0  14.0  12.0  36.0  24.0  100.0  0.0  77.0  97.0  80.0  56.0  67.0  9.0  26.0  49.0  21.0  80.0  32.0  70.0  59.0  25.0  63.0  91.0  66.0  17.0  92.0  51.0  67.0  27.0  6.0  20.0  54.0  57.0  53.0  
20.0  56.0  26.0  74.0  81.0  78.0  83.0  29.0  45.0  28.0  22.0  32.0  11.0  47.0  25.0  65.0  9.0  41.0  44.0  45.0  66.0  56.0  3.0  39.0  21.0  71.0  49.0  74.0  79.0  99.0  34.0  26.0  25.0  18.0  92.0  46.0  69.0  33.0  33.0  56.0  34.0  36.0  33.0  
87.0  95.0  41.0  0.0  75.0  52.0  27.0  66.0  63.0  5.0  69.0  1.0  30.0  16.0  33.0  62.0  36.0  6.0  89.0  38.0  6.0  68.0  97.0  6.0  63.0  27.0  16.0  30.0  10.0  58.0  59.0  68.0  16.0  46.0  71.0  22.0  7.0  36.0  16.0  75.0  20.0  71.0  
80.0  39.0  51.0  48.0  13.0  43.0  13.0  26.0  41.0  49.0  98.0  4.0  58.0  67.0  74.0  7.0  4.0  99.0  57.0  3.0  12.0  89.0  76.0  82.0  33.0  18.0  80.0  99.0  82.0  67.0  76.0  70.0  5.0  74.0  6.0  73.0  79.0  97.0  87.0  99.0  1.0  
6.0  100.0  77.0  36.0  41.0  79.0  36.0  46.0  45.0  28.0  50.0  76.0  40.0  51.0  9.0  62.0  92.0  31.0  93.0  35.0  89.0  40.0  39.0  79.0  90.0  19.0  66.0  70.0  53.0  98.0  30.0  28.0  79.0  89.0  52.0  60.0  74.0  71.0  51.0  68.0  
12.0  58.0  85.0  39.0  2.0  55.0  6.0  66.0  5.0  93.0  32.0  88.0  98.0  84.0  71.0  81.0  0.0  43.0  20.0  57.0  0.0  79.0  2.0  72.0  67.0  30.0  86.0  44.0  24.0  92.0  33.0  81.0  25.0  24.0  92.0  58.0  63.0  2.0  33.0  
19.0  42.0  94.0  72.0  2.0  40.0  57.0  18.0  51.0  20.0  86.0  97.0  94.0  47.0  36.0  37.0  43.0  89.0  88.0  92.0  28.0  61.0  99.0  44.0  14.0  53.0  26.0  95.0  65.0  83.0  21.0  77.0  11.0  21.0  89.0  59.0  49.0  32.0  
43.0  92.0  33.0  17.0  43.0  78.0  27.0  87.0  64.0  91.0  40.0  32.0  11.0  6.0  59.0  26.0  76.0  15.0  70.0  55.0  64.0  8.0  47.0  65.0  36.0  16.0  32.0  94.0  67.0  12.0  23.0  17.0  41.0  2.0  9.0  55.0  43.0  
98.0  9.0  49.0  30.0  8.0  91.0  86.0  27.0  68.0  94.0  80.0  70.0  57.0  73.0  50.0  57.0  18.0  75.0  34.0  13.0  68.0  89.0  66.0  17.0  89.0  90.0  89.0  64.0  98.0  94.0  80.0  31.0  89.0  44.0  12.0  56.0  
80.0  9.0  30.0  63.0  1.0  28.0  61.0  44.0  65.0  85.0  45.0  36.0  51.0  85.0  31.0  96.0  52.0  84.0  50.0  22.0  77.0  93.0  22.0  27.0  33.0  57.0  37.0  5.0  33.0  37.0  31.0  54.0  31.0  18.0  12.0  
3.0  40.0  75.0  27.0  35.0  22.0  37.0  53.0  41.0  45.0  95.0  90.0  10.0  89.0  91.0  54.0  35.0  22.0  44.0  52.0  69.0  81.0  6.0  25.0  23.0  49.0  47.0  3.0  75.0  36.0  11.0  86.0  44.0  13.0  
38.0  18.0  28.0  62.0  94.0  81.0  94.0  25.0  4.0  60.0  35.0  23.0  25.0  36.0  15.0  29.0  77.0  66.0  44.0  47.0  2.0  7.0  49.0  22.0  12.0  94.0  30.0  2.0  35.0  25.0  92.0  46.0  85.0  
81.0  54.0  60.0  56.0  19.0  95.0  63.0  54.0  29.0  63.0  5.0  84.0  62.0  73.0  65.0  32.0  84.0  7.0  98.0  77.0  96.0  72.0  21.0  69.0  43.0  68.0  75.0  77.0  98.0  78.0  46.0  73.0  
3.0  46.0  19.0  95.0  54.0  95.0  13.0  0.0  0.0  40.0  26.0  17.0  1.0  96.0  29.0  96.0  97.0  48.0  74.0  14.0  92.0  30.0  93.0  21.0  20.0  17.0  22.0  15.0  97.0  90.0  59.0  
46.0  70.0  45.0  69.0  88.0  98.0  55.0  81.0  58.0  96.0  88.0  79.0  4.0  59.0  32.0  69.0  90.0  77.0  90.0  22.0  2.0  49.0  61.0  22.0  88.0  10.0  57.0  30.0  7.0  63.0  
5.0  49.0  71.0  16.0  97.0  22.0  94.0  76.0  98.0  16.0  97.0  53.0  11.0  71.0  89.0  64.0  27.0  40.0  41.0  84.0  34.0  80.0  76.0  9.0  7.0  69.0  57.0  53.0  3.0  
81.0  98.0  68.0  27.0  52.0  53.0  54.0  100.0  58.0  69.0  72.0  73.0  37.0  2.0  34.0  47.0  86.0  79.0  21.0  51.0  46.0  12.0  20.0  72.0  78.0  20.0  95.0  13.0  
13.0  75.0  37.0  56.0  66.0  67.0  57.0  25.0  38.0  15.0  34.0  33.0  8.0  16.0  7.0  5.0  17.0  14.0  66.0  66.0  33.0  26.0  66.0  26.0  67.0  33.0  20.0  
54.0  25.0  5.0  29.0  3.0  91.0  57.0  90.0  15.0  100.0  73.0  27.0  25.0  73.0  46.0  67.0  88.0  63.0  100.0  60.0  87.0  6.0  8.0  100.0  23.0  67.0  
24.0  27.0  9.0  32.0  3.0  55.0  44.0  18.0  90.0  96.0  83.0  49.0  46.0  45.0  51.0  54.0  88.0  93.0  24.0  86.0  10.0  77.0  42.0  56.0  64.0  
23.0  57.0  80.0  88.0  16.0  97.0  29.0  42.0  66.0  83.0  86.0  30.0  71.0  75.0  4.0  36.0  41.0  39.0  6.0  28.0  39.0  46.0  45.0  80.0  
46.0  21.0  53.0  68.0  77.0  56.0  29.0  10.0  32.0  73.0  57.0  21.0  17.0  6.0  58.0  11.0  15.0  7.0  6.0  15.0  12.0  71.0  16.0  
41.0  34.0  44.0  76.0  8.0  88.0  4.0  1.0  44.0  55.0  56.0  89.0  70.0  50.0  54.0  37.0  91.0  33.0  10.0  52.0  49.0  84.0  
84.0  44.0  73.0  40.0  22.0  19.0  42.0  74.0  44.0  95.0  37.0  66.0  65.0  2.0  65.0  98.0  76.0  80.0  98.0  2.0  36.0  
2.0  25.0  31.0  15.0  46.0  41.0  52.0  2.0  78.0  41.0  78.0  84.0  65.0  29.0  5.0  92.0  12.0  85.0  12.0  55.0  
83.0  90.0  82.0  58.0  89.0  94.0  26.0  97.0  23.0  27.0  87.0  62.0  76.0  80.0  7.0  35.0  81.0  9.0  2.0  
63.0  4.0  70.0  43.0  93.0  32.0  71.0  47.0  78.0  37.0  94.0  83.0  30.0  62.0  77.0  5.0  26.0  48.0  
8.0  40.0  14.0  97.0  34.0  75.0  76.0  67.0  58.0  41.0  98.0  65.0  26.0  9.0  76.0  23.0  67.0  
28.0  85.0  62.0  89.0  43.0  96.0  72.0  16.0  18.0  19.0  15.0  23.0  87.0  59.0  40.0  42.0  
12.0  56.0  28.0  17.0  26.0  46.0  16.0  41.0  47.0  24.0  55.0  76.0  58.0  38.0  87.0  
65.0  51.0  88.0  67.0  36.0  51.0  16.0  32.0  25.0  46.0  93.0  31.0  10.0  39.0  
4.0  66.0  38.0  95.0  93.0  16.0  42.0  21.0  37.0  52.0  53.0  1.0  61.0  
60.0  46.0  43.0  86.0  25.0  83.0  12.0  48.0  90.0  77.0  44.0  7.0  
3.0  39.0  13.0  67.0  20.0  2.0  32.0  8.0  23.0  32.0  28.0  
54.0  11.0  34.0  85.0  27.0  44.0  79.0  7.0  29.0  1.0  
21.0  56.0  89.0  21.0  50.0  51.0  34.0  100.0  10.0  
11.0  22.0  52.0  76.0  39.0  74.0  39.0  98.0  
39.0  22.0  51.0  91.0  56.0  95.0  46.0  
18.0  24.0  13.0  99.0  76.0  60.0  
17.0  18.0  51.0  40.0  18.0  
43.0  66.0  100.0  67.0  
21.0  65.0  69.0  
13.0  11.0  
21.0  
