96.0  3.0  11.0  88.0  98.0  5.0  45.0  41.0  8.0  20.0  69.0  95.0  44.0  34.0  88.0  7.0  47.0  97.0  53.0  30.0  97.0  3.0  20.0  83.0  8.0  13.0  61.0  92.0  34.0  20.0  38.0  26.0  11.0  60.0  94.0  88.0  80.0  49.0  94.0  66.0  18.0  36.0  49.0  11.0  56.0  85.0  6.0  1.0  41.0  90.0  61.0  
47.0  60.0  60.0  2.0  39.0  52.0  14.0  12.0  10.0  70.0  74.0  95.0  1.0  6.0  75.0  43.0  29.0  77.0  71.0  76.0  3.0  72.0  96.0  44.0  37.0  80.0  92.0  16.0  44.0  97.0  20.0  75.0  39.0  22.0  15.0  90.0  25.0  11.0  9.0  47.0  94.0  41.0  45.0  56.0  14.0  0.0  75.0  20.0  87.0  85.0  
43.0  6.0  83.0  2.0  63.0  83.0  99.0  70.0  2.0  26.0  61.0  89.0  30.0  17.0  89.0  78.0  90.0  56.0  0.0  51.0  84.0  3.0  37.0  53.0  13.0  8.0  57.0  66.0  66.0  22.0  81.0  95.0  65.0  28.0  82.0  12.0  99.0  1.0  93.0  79.0  41.0  74.0  18.0  85.0  62.0  26.0  45.0  18.0  54.0  
77.0  75.0  37.0  11.0  12.0  2.0  15.0  49.0  6.0  69.0  6.0  25.0  98.0  61.0  46.0  67.0  56.0  15.0  7.0  54.0  19.0  78.0  64.0  34.0  13.0  52.0  59.0  40.0  20.0  23.0  40.0  99.0  53.0  25.0  26.0  0.0  11.0  10.0  75.0  51.0  52.0  20.0  48.0  39.0  64.0  16.0  40.0  50.0  
77.0  84.0  29.0  89.0  30.0  69.0  82.0  23.0  79.0  91.0  45.0  3.0  13.0  74.0  73.0  5.0  14.0  86.0  39.0  96.0  14.0  66.0  77.0  8.0  11.0  94.0  46.0  51.0  17.0  48.0  98.0  11.0  38.0  5.0  94.0  39.0  9.0  62.0  43.0  25.0  26.0  27.0  35.0  19.0  96.0  50.0  26.0  
56.0  86.0  16.0  42.0  24.0  77.0  80.0  59.0  71.0  30.0  82.0  9.0  17.0  99.0  41.0  94.0  93.0  97.0  45.0  98.0  96.0  86.0  26.0  40.0  49.0  12.0  74.0  7.0  98.0  78.0  24.0  96.0  14.0  63.0  23.0  92.0  86.0  9.0  19.0  77.0  5.0  9.0  89.0  49.0  99.0  78.0  
86.0  56.0  22.0  98.0  70.0  83.0  66.0  89.0  78.0  2.0  15.0  40.0  32.0  51.0  12.0  95.0  4.0  9.0  26.0  1.0  99.0  84.0  55.0  75.0  67.0  75.0  42.0  86.0  62.0  71.0  26.0  23.0  73.0  11.0  24.0  23.0  76.0  1.0  26.0  83.0  53.0  3.0  90.0  5.0  50.0  
72.0  56.0  73.0  74.0  63.0  15.0  53.0  2.0  15.0  91.0  41.0  23.0  68.0  52.0  31.0  94.0  69.0  87.0  49.0  67.0  77.0  5.0  35.0  81.0  28.0  60.0  55.0  80.0  98.0  16.0  57.0  64.0  77.0  64.0  18.0  24.0  38.0  90.0  57.0  60.0  54.0  39.0  94.0  2.0  
97.0  90.0  80.0  100.0  65.0  95.0  99.0  52.0  71.0  86.0  73.0  50.0  53.0  99.0  50.0  17.0  58.0  92.0  4.0  40.0  54.0  35.0  35.0  7.0  63.0  35.0  94.0  59.0  6.0  12.0  94.0  54.0  62.0  45.0  93.0  27.0  43.0  91.0  49.0  19.0  22.0  25.0  22.0  
55.0  40.0  16.0  34.0  32.0  90.0  31.0  33.0  21.0  22.0  1.0  0.0  76.0  0.0  25.0  3.0  34.0  53.0  96.0  77.0  90.0  24.0  91.0  49.0  14.0  45.0  35.0  76.0  33.0  16.0  43.0  13.0  95.0  68.0  93.0  66.0  86.0  73.0  73.0  90.0  31.0  37.0  
84.0  29.0  50.0  81.0  47.0  97.0  45.0  89.0  3.0  13.0  2.0  25.0  5.0  57.0  28.0  83.0  97.0  56.0  58.0  68.0  47.0  77.0  100.0  63.0  87.0  91.0  20.0  71.0  98.0  50.0  50.0  84.0  23.0  4.0  7.0  70.0  65.0  33.0  2.0  82.0  13.0  
9.0  82.0  54.0  53.0  23.0  84.0  11.0  11.0  23.0  34.0  88.0  75.0  4.0  84.0  20.0  37.0  28.0  18.0  88.0  51.0  72.0  32.0  76.0  7.0  28.0  37.0  79.0  36.0  24.0  2.0  92.0  82.0  71.0  4.0  34.0  14.0  18.0  39.0  12.0  21.0  
40.0  30.0  0.0  16.0  97.0  80.0  54.0  35.0  17.0  3.0  9.0  91.0  78.0  38.0  39.0  51.0  84.0  43.0  52.0  15.0  6.0  60.0  87.0  19.0  46.0  18.0  27.0  18.0  83.0  66.0  24.0  98.0  72.0  19.0  60.0  24.0  2.0  6.0  63.0  
87.0  53.0  66.0  37.0  47.0  19.0  89.0  39.0  93.0  26.0  56.0  22.0  71.0  19.0  2.0  42.0  74.0  99.0  30.0  31.0  93.0  42.0  70.0  32.0  8.0  2.0  91.0  56.0  51.0  72.0  88.0  38.0  96.0  45.0  1.0  2.0  39.0  10.0  
43.0  46.0  100.0  63.0  37.0  41.0  47.0  21.0  13.0  67.0  38.0  7.0  72.0  25.0  69.0  77.0  1.0  3.0  67.0  45.0  61.0  54.0  29.0  97.0  9.0  22.0  75.0  45.0  16.0  17.0  41.0  66.0  7.0  89.0  100.0  70.0  100.0  
72.0  55.0  85.0  88.0  9.0  31.0  8.0  21.0  56.0  59.0  29.0  22.0  44.0  16.0  9.0  27.0  33.0  10.0  8.0  61.0  100.0  17.0  0.0  0.0  67.0  46.0  8.0  37.0  100.0  44.0  14.0  8.0  41.0  95.0  53.0  99.0  
36.0  76.0  79.0  92.0  21.0  91.0  33.0  68.0  60.0  47.0  34.0  53.0  2.0  72.0  27.0  60.0  81.0  70.0  72.0  3.0  61.0  69.0  14.0  46.0  66.0  16.0  99.0  7.0  21.0  62.0  93.0  93.0  26.0  84.0  55.0  
18.0  45.0  38.0  78.0  95.0  0.0  96.0  35.0  37.0  21.0  19.0  37.0  56.0  46.0  32.0  46.0  7.0  89.0  26.0  35.0  41.0  46.0  36.0  27.0  69.0  83.0  62.0  39.0  96.0  23.0  78.0  16.0  11.0  16.0  
48.0  98.0  43.0  20.0  8.0  25.0  16.0  13.0  25.0  19.0  35.0  77.0  98.0  39.0  96.0  65.0  9.0  61.0  75.0  14.0  23.0  86.0  83.0  83.0  88.0  37.0  31.0  82.0  28.0  88.0  3.0  99.0  81.0  
27.0  48.0  79.0  69.0  76.0  39.0  20.0  88.0  22.0  25.0  97.0  58.0  57.0  18.0  93.0  22.0  87.0  32.0  72.0  11.0  37.0  95.0  71.0  94.0  18.0  81.0  13.0  66.0  6.0  26.0  43.0  68.0  
49.0  35.0  23.0  68.0  30.0  73.0  89.0  4.0  14.0  97.0  81.0  74.0  74.0  23.0  66.0  78.0  9.0  42.0  66.0  35.0  55.0  84.0  92.0  30.0  91.0  39.0  0.0  47.0  6.0  23.0  10.0  
92.0  64.0  63.0  56.0  24.0  45.0  77.0  12.0  88.0  80.0  64.0  78.0  58.0  49.0  69.0  36.0  29.0  47.0  6.0  9.0  79.0  13.0  51.0  80.0  28.0  90.0  80.0  11.0  77.0  93.0  
50.0  66.0  83.0  81.0  90.0  40.0  83.0  77.0  42.0  31.0  90.0  96.0  79.0  36.0  35.0  29.0  92.0  45.0  94.0  14.0  66.0  36.0  53.0  95.0  32.0  10.0  12.0  70.0  69.0  
84.0  29.0  82.0  71.0  1.0  12.0  19.0  38.0  64.0  79.0  56.0  58.0  49.0  34.0  69.0  39.0  1.0  70.0  69.0  28.0  87.0  63.0  98.0  31.0  19.0  67.0  30.0  16.0  
42.0  26.0  4.0  0.0  9.0  47.0  70.0  94.0  37.0  27.0  50.0  97.0  64.0  62.0  22.0  82.0  91.0  29.0  5.0  86.0  15.0  54.0  60.0  15.0  58.0  71.0  88.0  
48.0  41.0  16.0  15.0  84.0  23.0  1.0  52.0  96.0  71.0  88.0  71.0  92.0  71.0  0.0  48.0  44.0  39.0  74.0  85.0  4.0  15.0  30.0  73.0  7.0  97.0  
8.0  49.0  6.0  79.0  21.0  63.0  30.0  21.0  41.0  91.0  1.0  48.0  15.0  11.0  79.0  37.0  38.0  45.0  41.0  11.0  95.0  60.0  66.0  54.0  56.0  
0.0  12.0  50.0  51.0  17.0  34.0  9.0  36.0  39.0  64.0  5.0  59.0  32.0  16.0  3.0  90.0  71.0  54.0  35.0  38.0  6.0  50.0  18.0  66.0  
14.0  25.0  47.0  46.0  22.0  62.0  95.0  62.0  62.0  35.0  54.0  60.0  42.0  53.0  46.0  73.0  64.0  37.0  7.0  11.0  43.0  62.0  38.0  
49.0  63.0  42.0  8.0  27.0  3.0  69.0  34.0  39.0  100.0  8.0  64.0  47.0  57.0  32.0  87.0  54.0  73.0  96.0  16.0  0.0  79.0  
47.0  22.0  91.0  9.0  69.0  19.0  98.0  60.0  54.0  79.0  53.0  6.0  97.0  10.0  25.0  85.0  35.0  63.0  66.0  19.0  83.0  
16.0  17.0  31.0  32.0  41.0  12.0  84.0  94.0  92.0  33.0  21.0  52.0  69.0  71.0  93.0  25.0  84.0  3.0  84.0  29.0  
57.0  84.0  46.0  81.0  37.0  78.0  40.0  43.0  36.0  9.0  43.0  62.0  38.0  83.0  46.0  35.0  51.0  49.0  91.0  
58.0  49.0  16.0  10.0  80.0  29.0  11.0  63.0  70.0  14.0  80.0  61.0  65.0  42.0  69.0  62.0  42.0  95.0  
75.0  77.0  0.0  53.0  95.0  63.0  53.0  87.0  57.0  81.0  1.0  98.0  30.0  47.0  53.0  70.0  59.0  
1.0  74.0  99.0  27.0  70.0  76.0  45.0  97.0  29.0  45.0  12.0  46.0  46.0  68.0  18.0  99.0  
65.0  46.0  56.0  27.0  90.0  62.0  47.0  97.0  69.0  24.0  17.0  48.0  64.0  40.0  3.0  
30.0  2.0  76.0  76.0  7.0  89.0  22.0  70.0  27.0  54.0  22.0  92.0  4.0  11.0  
57.0  79.0  25.0  26.0  42.0  42.0  74.0  40.0  20.0  2.0  62.0  77.0  21.0  
93.0  47.0  74.0  24.0  10.0  20.0  89.0  1.0  74.0  7.0  62.0  51.0  
88.0  78.0  0.0  43.0  63.0  45.0  19.0  59.0  29.0  14.0  33.0  
53.0  26.0  81.0  40.0  64.0  37.0  16.0  84.0  90.0  24.0  
55.0  55.0  75.0  35.0  40.0  5.0  43.0  76.0  81.0  
98.0  12.0  75.0  78.0  9.0  83.0  90.0  64.0  
92.0  57.0  25.0  79.0  62.0  2.0  66.0  
63.0  1.0  28.0  89.0  10.0  37.0  
76.0  63.0  6.0  31.0  62.0  
67.0  2.0  26.0  58.0  
85.0  88.0  5.0  
60.0  40.0  
92.0  
