8.0  39.0  37.0  50.0  61.0  58.0  59.0  62.0  81.0  103.0  108.0  145.0  181.0  187.0  161.0  142.0  174.0  185.0  164.0  137.0  117.0  114.0  85.0  77.0  87.0  91.0  105.0  111.0  91.0  83.0  89.0  95.0  74.0  67.0  74.0  57.0  45.0  35.0  29.0  3.0  5.0  
45.0  47.0  49.0  62.0  60.0  60.0  66.0  81.0  107.0  117.0  149.0  185.0  191.0  170.0  146.0  178.0  186.0  165.0  139.0  122.0  118.0  89.0  80.0  89.0  93.0  106.0  113.0  92.0  85.0  91.0  97.0  81.0  69.0  76.0  59.0  46.0  37.0  33.0  11.0  12.0  
9.0  21.0  21.0  16.0  15.0  20.0  40.0  62.0  66.0  104.0  140.0  146.0  120.0  101.0  133.0  142.0  120.0  94.0  77.0  73.0  44.0  36.0  44.0  48.0  62.0  69.0  50.0  42.0  55.0  64.0  44.0  42.0  61.0  46.0  41.0  35.0  30.0  41.0  55.0  
15.0  20.0  17.0  20.0  25.0  44.0  67.0  71.0  108.0  144.0  150.0  124.0  104.0  138.0  143.0  123.0  96.0  80.0  78.0  48.0  40.0  46.0  50.0  63.0  71.0  51.0  43.0  55.0  63.0  43.0  41.0  60.0  41.0  34.0  26.0  21.0  37.0  41.0  
17.0  18.0  26.0  31.0  50.0  72.0  77.0  114.0  150.0  156.0  130.0  111.0  143.0  140.0  124.0  94.0  83.0  84.0  53.0  46.0  46.0  48.0  64.0  66.0  46.0  38.0  50.0  56.0  35.0  31.0  42.0  25.0  20.0  18.0  18.0  47.0  53.0  
6.0  17.0  22.0  41.0  63.0  68.0  106.0  142.0  142.0  115.0  97.0  129.0  130.0  106.0  80.0  68.0  69.0  41.0  34.0  30.0  34.0  47.0  51.0  30.0  22.0  34.0  42.0  23.0  25.0  44.0  30.0  34.0  34.0  35.0  57.0  64.0  
10.0  15.0  35.0  57.0  61.0  99.0  135.0  137.0  110.0  91.0  123.0  126.0  106.0  78.0  62.0  63.0  34.0  27.0  28.0  32.0  46.0  53.0  34.0  26.0  39.0  49.0  30.0  32.0  51.0  36.0  38.0  36.0  33.0  55.0  61.0  
5.0  24.0  46.0  51.0  88.0  124.0  130.0  104.0  85.0  117.0  124.0  105.0  77.0  60.0  57.0  28.0  19.0  29.0  33.0  49.0  56.0  38.0  32.0  44.0  56.0  39.0  41.0  60.0  47.0  48.0  46.0  40.0  58.0  61.0  
20.0  41.0  46.0  84.0  120.0  125.0  105.0  86.0  118.0  128.0  110.0  84.0  61.0  59.0  29.0  21.0  32.0  36.0  54.0  61.0  43.0  36.0  49.0  60.0  44.0  46.0  66.0  52.0  53.0  51.0  45.0  63.0  66.0  
23.0  26.0  63.0  99.0  105.0  90.0  75.0  107.0  118.0  104.0  77.0  50.0  48.0  22.0  14.0  27.0  30.0  48.0  57.0  49.0  51.0  63.0  75.0  62.0  64.0  83.0  71.0  73.0  70.0  65.0  83.0  84.0  
11.0  49.0  85.0  90.0  72.0  51.0  83.0  93.0  86.0  56.0  34.0  28.0  23.0  29.0  36.0  34.0  46.0  59.0  60.0  63.0  76.0  86.0  78.0  83.0  102.0  93.0  96.0  93.0  87.0  105.0  111.0  
40.0  76.0  81.0  62.0  59.0  84.0  101.0  97.0  64.0  42.0  36.0  35.0  40.0  47.0  45.0  59.0  71.0  71.0  75.0  87.0  97.0  89.0  90.0  110.0  98.0  99.0  97.0  91.0  109.0  113.0  
35.0  41.0  34.0  29.0  54.0  72.0  71.0  65.0  49.0  43.0  69.0  77.0  78.0  77.0  85.0  96.0  103.0  106.0  120.0  126.0  121.0  130.0  147.0  136.0  137.0  134.0  117.0  147.0  150.0  
10.0  31.0  53.0  46.0  69.0  93.0  90.0  82.0  77.0  105.0  114.0  116.0  115.0  119.0  130.0  141.0  142.0  155.0  160.0  159.0  164.0  185.0  172.0  176.0  171.0  166.0  186.0  186.0  
27.0  48.0  35.0  58.0  82.0  87.0  77.0  72.0  102.0  111.0  112.0  110.0  115.0  126.0  136.0  140.0  150.0  155.0  155.0  160.0  179.0  172.0  178.0  176.0  171.0  188.0  192.0  
21.0  26.0  58.0  62.0  58.0  60.0  45.0  74.0  84.0  84.0  83.0  88.0  98.0  109.0  112.0  123.0  128.0  127.0  133.0  155.0  148.0  151.0  151.0  144.0  164.0  166.0  
31.0  43.0  42.0  36.0  30.0  27.0  56.0  64.0  66.0  63.0  66.0  75.0  90.0  93.0  100.0  104.0  108.0  114.0  133.0  126.0  131.0  129.0  125.0  144.0  147.0  
26.0  45.0  68.0  62.0  59.0  88.0  96.0  98.0  97.0  98.0  98.0  115.0  126.0  123.0  128.0  136.0  146.0  159.0  158.0  163.0  161.0  157.0  176.0  180.0  
22.0  50.0  70.0  69.0  99.0  107.0  95.0  91.0  79.0  85.0  99.0  108.0  109.0  113.0  124.0  134.0  146.0  147.0  159.0  163.0  156.0  182.0  188.0  
30.0  49.0  55.0  81.0  87.0  75.0  72.0  59.0  62.0  81.0  88.0  86.0  90.0  101.0  111.0  122.0  124.0  135.0  139.0  139.0  161.0  167.0  
21.0  27.0  54.0  60.0  47.0  44.0  31.0  38.0  53.0  60.0  62.0  67.0  75.0  85.0  98.0  121.0  108.0  118.0  113.0  134.0  140.0  
5.0  32.0  40.0  36.0  32.0  36.0  47.0  61.0  64.0  71.0  76.0  79.0  84.0  105.0  97.0  102.0  102.0  95.0  119.0  124.0  
29.0  37.0  39.0  36.0  42.0  53.0  62.0  66.0  78.0  82.0  81.0  86.0  107.0  99.0  103.0  101.0  97.0  116.0  119.0  
8.0  12.0  9.0  28.0  39.0  36.0  39.0  52.0  62.0  54.0  59.0  79.0  71.0  73.0  71.0  67.0  86.0  90.0  
11.0  15.0  33.0  42.0  34.0  36.0  49.0  59.0  50.0  52.0  71.0  65.0  67.0  65.0  60.0  78.0  87.0  
3.0  21.0  29.0  24.0  27.0  39.0  49.0  42.0  47.0  66.0  59.0  64.0  65.0  62.0  84.0  90.0  
20.0  30.0  28.0  31.0  44.0  53.0  46.0  51.0  70.0  63.0  69.0  70.0  67.0  88.0  94.0  
12.0  20.0  28.0  35.0  40.0  43.0  53.0  70.0  67.0  75.0  84.0  79.0  101.0  107.0  
20.0  28.0  24.0  29.0  39.0  49.0  60.0  62.0  72.0  78.0  82.0  108.0  114.0  
8.0  15.0  25.0  23.0  32.0  48.0  46.0  54.0  58.0  62.0  88.0  77.0  
12.0  23.0  14.0  24.0  40.0  38.0  46.0  50.0  53.0  80.0  86.0  
11.0  14.0  24.0  36.0  37.0  49.0  56.0  59.0  86.0  92.0  
21.0  30.0  33.0  43.0  54.0  62.0  66.0  92.0  98.0  
9.0  25.0  23.0  34.0  41.0  45.0  71.0  80.0  
18.0  13.0  24.0  32.0  38.0  64.0  74.0  
17.0  29.0  38.0  45.0  71.0  77.0  
12.0  21.0  27.0  54.0  60.0  
9.0  15.0  41.0  48.0  
6.0  32.0  38.0  
25.0  32.0  
6.0  
