100.0  27.0  7.0  92.0  18.0  87.0  35.0  57.0  51.0  88.0  71.0  64.0  42.0  46.0  4.0  60.0  4.0  0.0  15.0  48.0  48.0  12.0  24.0  34.0  77.0  36.0  70.0  7.0  96.0  84.0  60.0  87.0  5.0  1.0  33.0  87.0  21.0  62.0  15.0  71.0  32.0  
88.0  76.0  76.0  99.0  3.0  29.0  26.0  74.0  63.0  34.0  51.0  24.0  3.0  26.0  59.0  1.0  51.0  85.0  89.0  86.0  19.0  0.0  29.0  71.0  29.0  36.0  38.0  26.0  65.0  19.0  15.0  85.0  92.0  42.0  32.0  87.0  79.0  1.0  32.0  23.0  
35.0  49.0  15.0  55.0  96.0  34.0  18.0  99.0  29.0  76.0  17.0  32.0  63.0  81.0  85.0  49.0  18.0  5.0  55.0  68.0  28.0  52.0  98.0  95.0  38.0  8.0  77.0  1.0  28.0  46.0  81.0  95.0  40.0  61.0  91.0  81.0  21.0  54.0  79.0  
12.0  89.0  60.0  51.0  7.0  72.0  32.0  99.0  68.0  81.0  53.0  88.0  90.0  4.0  94.0  82.0  21.0  5.0  37.0  82.0  97.0  55.0  21.0  76.0  19.0  33.0  85.0  65.0  47.0  48.0  47.0  87.0  13.0  5.0  75.0  66.0  28.0  7.0  
85.0  42.0  54.0  37.0  48.0  22.0  84.0  79.0  68.0  12.0  25.0  57.0  70.0  1.0  6.0  92.0  82.0  23.0  17.0  0.0  73.0  4.0  4.0  25.0  91.0  60.0  100.0  26.0  83.0  65.0  9.0  0.0  58.0  18.0  19.0  20.0  1.0  
23.0  71.0  69.0  30.0  82.0  19.0  74.0  71.0  82.0  23.0  28.0  98.0  53.0  60.0  32.0  12.0  66.0  81.0  28.0  4.0  12.0  9.0  6.0  93.0  56.0  85.0  97.0  75.0  90.0  53.0  88.0  0.0  44.0  87.0  31.0  70.0  
8.0  95.0  86.0  41.0  79.0  83.0  92.0  3.0  39.0  65.0  44.0  37.0  52.0  91.0  91.0  59.0  29.0  68.0  99.0  64.0  97.0  23.0  4.0  84.0  18.0  45.0  81.0  28.0  8.0  9.0  88.0  56.0  93.0  58.0  34.0  
76.0  58.0  95.0  39.0  29.0  30.0  43.0  21.0  0.0  70.0  70.0  87.0  59.0  98.0  71.0  79.0  19.0  21.0  23.0  89.0  7.0  94.0  54.0  8.0  61.0  92.0  1.0  83.0  67.0  1.0  34.0  1.0  91.0  87.0  
94.0  88.0  2.0  63.0  88.0  1.0  58.0  84.0  99.0  19.0  20.0  29.0  17.0  33.0  35.0  30.0  93.0  86.0  6.0  59.0  44.0  3.0  77.0  11.0  15.0  89.0  58.0  83.0  27.0  69.0  28.0  23.0  8.0  
39.0  31.0  25.0  2.0  11.0  90.0  81.0  32.0  87.0  45.0  30.0  20.0  36.0  3.0  65.0  98.0  58.0  64.0  19.0  42.0  44.0  80.0  58.0  60.0  48.0  76.0  87.0  40.0  72.0  88.0  62.0  76.0  
39.0  38.0  27.0  56.0  52.0  99.0  49.0  88.0  41.0  27.0  60.0  25.0  18.0  36.0  86.0  48.0  43.0  48.0  14.0  62.0  100.0  26.0  10.0  32.0  24.0  100.0  74.0  24.0  49.0  28.0  40.0  
89.0  78.0  63.0  86.0  97.0  7.0  35.0  94.0  19.0  64.0  23.0  22.0  24.0  11.0  0.0  94.0  41.0  97.0  68.0  64.0  65.0  66.0  93.0  93.0  97.0  3.0  27.0  80.0  88.0  22.0  
38.0  24.0  22.0  33.0  19.0  86.0  19.0  3.0  8.0  85.0  48.0  98.0  63.0  30.0  23.0  68.0  65.0  74.0  57.0  97.0  27.0  23.0  62.0  95.0  48.0  94.0  50.0  37.0  96.0  
4.0  0.0  77.0  25.0  50.0  87.0  84.0  58.0  92.0  70.0  11.0  78.0  23.0  92.0  24.0  57.0  60.0  38.0  98.0  94.0  44.0  68.0  43.0  83.0  49.0  85.0  55.0  16.0  
49.0  65.0  91.0  9.0  50.0  1.0  79.0  7.0  77.0  19.0  47.0  64.0  65.0  32.0  2.0  30.0  29.0  47.0  8.0  96.0  39.0  96.0  72.0  66.0  42.0  77.0  10.0  
79.0  44.0  48.0  99.0  67.0  5.0  6.0  47.0  11.0  39.0  36.0  35.0  67.0  7.0  7.0  5.0  44.0  43.0  2.0  28.0  39.0  71.0  45.0  88.0  3.0  40.0  
11.0  4.0  51.0  94.0  29.0  58.0  50.0  54.0  92.0  43.0  6.0  27.0  93.0  92.0  25.0  12.0  4.0  85.0  72.0  28.0  46.0  21.0  77.0  21.0  49.0  
29.0  48.0  72.0  15.0  31.0  64.0  36.0  59.0  65.0  44.0  64.0  99.0  83.0  34.0  78.0  8.0  62.0  7.0  22.0  61.0  14.0  41.0  52.0  8.0  
89.0  94.0  72.0  99.0  29.0  69.0  58.0  31.0  52.0  62.0  54.0  82.0  6.0  35.0  74.0  44.0  86.0  81.0  51.0  51.0  60.0  55.0  60.0  
98.0  49.0  9.0  94.0  56.0  22.0  61.0  66.0  13.0  99.0  89.0  56.0  18.0  38.0  39.0  72.0  68.0  40.0  67.0  23.0  89.0  93.0  
94.0  1.0  86.0  66.0  58.0  73.0  23.0  59.0  31.0  39.0  40.0  80.0  43.0  32.0  12.0  15.0  85.0  36.0  52.0  1.0  81.0  
23.0  4.0  41.0  20.0  38.0  31.0  42.0  56.0  7.0  82.0  9.0  13.0  7.0  54.0  56.0  98.0  80.0  57.0  9.0  54.0  
64.0  22.0  44.0  59.0  100.0  69.0  30.0  57.0  73.0  78.0  30.0  73.0  96.0  83.0  73.0  82.0  31.0  20.0  28.0  
26.0  11.0  42.0  16.0  92.0  1.0  17.0  80.0  48.0  14.0  56.0  21.0  33.0  14.0  62.0  35.0  4.0  98.0  
46.0  67.0  75.0  4.0  65.0  80.0  24.0  83.0  67.0  93.0  6.0  54.0  35.0  35.0  56.0  12.0  95.0  
19.0  91.0  35.0  77.0  58.0  59.0  74.0  33.0  87.0  4.0  76.0  23.0  37.0  41.0  88.0  17.0  
40.0  42.0  34.0  94.0  34.0  87.0  10.0  22.0  19.0  76.0  0.0  60.0  61.0  37.0  0.0  
22.0  82.0  18.0  96.0  0.0  35.0  50.0  76.0  68.0  7.0  90.0  27.0  89.0  66.0  
43.0  24.0  74.0  27.0  92.0  3.0  24.0  99.0  0.0  27.0  28.0  29.0  53.0  
29.0  80.0  84.0  36.0  19.0  20.0  83.0  0.0  34.0  50.0  81.0  64.0  
55.0  16.0  97.0  53.0  94.0  38.0  80.0  0.0  77.0  23.0  95.0  
95.0  25.0  28.0  47.0  55.0  7.0  16.0  24.0  89.0  33.0  
25.0  25.0  99.0  29.0  66.0  14.0  33.0  89.0  1.0  
72.0  41.0  18.0  92.0  74.0  28.0  60.0  14.0  
66.0  95.0  71.0  62.0  33.0  32.0  12.0  
94.0  21.0  8.0  99.0  39.0  69.0  
77.0  82.0  44.0  30.0  36.0  
16.0  18.0  87.0  72.0  
75.0  71.0  34.0  
48.0  88.0  
51.0  
