4.0  64.0  57.0  51.0  9.0  98.0  97.0  91.0  11.0  59.0  56.0  93.0  67.0  82.0  23.0  8.0  34.0  99.0  62.0  11.0  73.0  94.0  98.0  99.0  73.0  70.0  48.0  82.0  13.0  37.0  83.0  61.0  99.0  3.0  67.0  66.0  92.0  55.0  13.0  62.0  78.0  
71.0  41.0  70.0  30.0  63.0  97.0  75.0  70.0  84.0  27.0  47.0  33.0  96.0  32.0  1.0  76.0  69.0  44.0  32.0  5.0  60.0  6.0  42.0  12.0  4.0  38.0  13.0  23.0  25.0  85.0  67.0  81.0  23.0  27.0  9.0  57.0  78.0  99.0  90.0  26.0  
92.0  21.0  72.0  9.0  74.0  49.0  3.0  56.0  91.0  3.0  45.0  7.0  95.0  48.0  19.0  6.0  57.0  64.0  79.0  62.0  80.0  20.0  81.0  59.0  87.0  6.0  19.0  93.0  19.0  70.0  93.0  87.0  66.0  89.0  77.0  20.0  43.0  42.0  27.0  
26.0  13.0  29.0  97.0  49.0  19.0  51.0  25.0  31.0  80.0  68.0  52.0  81.0  61.0  9.0  45.0  12.0  99.0  17.0  58.0  75.0  34.0  10.0  46.0  84.0  70.0  81.0  80.0  59.0  79.0  32.0  74.0  37.0  2.0  68.0  1.0  15.0  24.0  
85.0  75.0  17.0  63.0  73.0  26.0  84.0  1.0  53.0  24.0  10.0  2.0  23.0  38.0  37.0  97.0  28.0  1.0  98.0  35.0  79.0  88.0  65.0  61.0  12.0  52.0  95.0  91.0  87.0  99.0  75.0  12.0  8.0  40.0  51.0  40.0  1.0  
53.0  95.0  69.0  69.0  86.0  43.0  47.0  59.0  45.0  59.0  39.0  15.0  44.0  18.0  91.0  93.0  48.0  44.0  50.0  90.0  78.0  67.0  32.0  6.0  70.0  17.0  19.0  56.0  84.0  77.0  51.0  69.0  77.0  46.0  27.0  25.0  
54.0  50.0  14.0  89.0  31.0  11.0  97.0  82.0  25.0  58.0  36.0  61.0  45.0  90.0  80.0  9.0  17.0  78.0  1.0  64.0  1.0  74.0  44.0  91.0  71.0  11.0  0.0  58.0  72.0  86.0  32.0  74.0  10.0  69.0  95.0  
3.0  13.0  20.0  19.0  33.0  74.0  9.0  54.0  80.0  78.0  3.0  64.0  21.0  57.0  66.0  17.0  31.0  6.0  62.0  64.0  99.0  95.0  58.0  13.0  45.0  95.0  3.0  99.0  76.0  13.0  81.0  54.0  48.0  83.0  
10.0  95.0  60.0  54.0  28.0  31.0  61.0  72.0  77.0  100.0  50.0  28.0  35.0  41.0  40.0  5.0  41.0  55.0  33.0  3.0  54.0  50.0  40.0  96.0  43.0  11.0  53.0  37.0  74.0  33.0  65.0  91.0  54.0  
38.0  94.0  63.0  14.0  27.0  4.0  30.0  99.0  59.0  47.0  85.0  66.0  14.0  76.0  56.0  19.0  85.0  73.0  43.0  77.0  66.0  31.0  40.0  20.0  65.0  79.0  12.0  95.0  10.0  91.0  86.0  56.0  
93.0  74.0  50.0  58.0  50.0  60.0  14.0  93.0  68.0  37.0  12.0  10.0  84.0  17.0  44.0  31.0  71.0  99.0  94.0  61.0  36.0  73.0  32.0  23.0  84.0  67.0  77.0  25.0  3.0  88.0  61.0  
48.0  4.0  90.0  44.0  2.0  63.0  71.0  24.0  82.0  49.0  34.0  30.0  90.0  42.0  59.0  25.0  61.0  56.0  8.0  83.0  24.0  61.0  33.0  45.0  56.0  92.0  4.0  39.0  10.0  87.0  
58.0  33.0  64.0  32.0  42.0  65.0  3.0  27.0  41.0  64.0  49.0  29.0  45.0  34.0  44.0  81.0  47.0  30.0  68.0  43.0  40.0  71.0  48.0  20.0  6.0  33.0  42.0  12.0  56.0  
83.0  100.0  33.0  47.0  19.0  17.0  41.0  88.0  86.0  78.0  75.0  44.0  26.0  57.0  2.0  65.0  82.0  99.0  69.0  91.0  4.0  13.0  46.0  91.0  59.0  23.0  65.0  72.0  
44.0  47.0  88.0  4.0  85.0  59.0  67.0  79.0  22.0  96.0  90.0  53.0  33.0  89.0  17.0  93.0  34.0  90.0  72.0  49.0  0.0  47.0  74.0  26.0  74.0  27.0  14.0  
61.0  31.0  53.0  85.0  12.0  97.0  53.0  2.0  62.0  31.0  96.0  44.0  14.0  88.0  15.0  74.0  20.0  72.0  92.0  31.0  61.0  96.0  22.0  55.0  12.0  23.0  
73.0  4.0  66.0  10.0  44.0  74.0  8.0  79.0  75.0  79.0  10.0  87.0  49.0  64.0  84.0  72.0  79.0  62.0  22.0  13.0  25.0  7.0  2.0  27.0  4.0  
92.0  64.0  34.0  3.0  58.0  2.0  88.0  16.0  64.0  86.0  4.0  22.0  87.0  70.0  63.0  7.0  0.0  47.0  36.0  54.0  38.0  18.0  79.0  27.0  
63.0  95.0  69.0  81.0  91.0  59.0  90.0  35.0  66.0  30.0  13.0  7.0  10.0  61.0  81.0  72.0  70.0  71.0  85.0  35.0  12.0  15.0  82.0  
60.0  84.0  43.0  64.0  40.0  48.0  31.0  58.0  25.0  21.0  20.0  90.0  80.0  77.0  75.0  65.0  30.0  61.0  6.0  65.0  46.0  65.0  
95.0  74.0  26.0  48.0  95.0  16.0  1.0  13.0  94.0  51.0  49.0  88.0  14.0  35.0  91.0  94.0  2.0  74.0  67.0  10.0  97.0  
38.0  80.0  99.0  92.0  38.0  45.0  35.0  84.0  50.0  41.0  81.0  45.0  88.0  56.0  97.0  36.0  56.0  38.0  100.0  39.0  
40.0  98.0  68.0  58.0  34.0  88.0  56.0  74.0  37.0  45.0  53.0  45.0  5.0  37.0  26.0  99.0  52.0  26.0  62.0  
20.0  11.0  17.0  66.0  63.0  68.0  0.0  92.0  78.0  42.0  6.0  72.0  9.0  46.0  73.0  27.0  33.0  76.0  
18.0  50.0  89.0  49.0  36.0  10.0  57.0  6.0  34.0  94.0  67.0  22.0  5.0  80.0  66.0  99.0  45.0  
2.0  49.0  4.0  84.0  63.0  34.0  82.0  39.0  95.0  55.0  37.0  48.0  95.0  19.0  35.0  49.0  
34.0  72.0  96.0  97.0  49.0  93.0  85.0  21.0  16.0  98.0  71.0  10.0  35.0  99.0  24.0  
18.0  45.0  51.0  63.0  97.0  38.0  84.0  100.0  75.0  67.0  43.0  15.0  68.0  98.0  
64.0  87.0  95.0  48.0  27.0  2.0  94.0  7.0  77.0  83.0  46.0  94.0  2.0  
5.0  99.0  51.0  74.0  86.0  0.0  81.0  57.0  42.0  98.0  71.0  43.0  
55.0  43.0  77.0  40.0  76.0  40.0  89.0  31.0  81.0  61.0  59.0  
12.0  10.0  61.0  39.0  47.0  31.0  35.0  84.0  87.0  8.0  
87.0  28.0  67.0  53.0  18.0  43.0  33.0  11.0  56.0  
80.0  22.0  53.0  16.0  36.0  81.0  3.0  10.0  
46.0  91.0  80.0  98.0  60.0  21.0  73.0  
31.0  21.0  4.0  23.0  42.0  23.0  
83.0  50.0  40.0  94.0  13.0  
16.0  8.0  72.0  70.0  
100.0  80.0  89.0  
2.0  39.0  
19.0  
