100.0  98.0  92.0  30.0  89.0  80.0  8.0  7.0  94.0  93.0  19.0  0.0  39.0  6.0  6.0  25.0  81.0  39.0  99.0  47.0  63.0  2.0  1.0  15.0  47.0  50.0  61.0  3.0  2.0  92.0  57.0  54.0  2.0  74.0  20.0  89.0  5.0  84.0  79.0  64.0  6.0  50.0  25.0  2.0  43.0  50.0  65.0  85.0  36.0  21.0  44.0  93.0  72.0  92.0  80.0  53.0  76.0  81.0  25.0  16.0  37.0  95.0  10.0  11.0  88.0  58.0  90.0  31.0  42.0  97.0  21.0  59.0  76.0  85.0  94.0  
60.0  16.0  96.0  100.0  63.0  82.0  38.0  48.0  58.0  84.0  82.0  25.0  10.0  46.0  92.0  84.0  15.0  32.0  19.0  16.0  29.0  22.0  54.0  79.0  48.0  34.0  32.0  34.0  19.0  52.0  35.0  62.0  44.0  63.0  85.0  2.0  55.0  55.0  32.0  6.0  74.0  63.0  38.0  88.0  27.0  0.0  67.0  84.0  69.0  9.0  93.0  11.0  91.0  23.0  52.0  5.0  68.0  55.0  90.0  10.0  90.0  62.0  67.0  91.0  53.0  41.0  31.0  38.0  44.0  38.0  66.0  55.0  63.0  13.0  
61.0  61.0  22.0  84.0  0.0  80.0  77.0  86.0  44.0  28.0  65.0  32.0  18.0  65.0  63.0  4.0  35.0  63.0  36.0  38.0  34.0  25.0  38.0  17.0  22.0  78.0  81.0  53.0  98.0  90.0  0.0  98.0  57.0  58.0  35.0  61.0  60.0  10.0  1.0  48.0  0.0  84.0  55.0  61.0  89.0  13.0  98.0  76.0  85.0  27.0  52.0  29.0  60.0  38.0  67.0  35.0  44.0  69.0  17.0  40.0  42.0  90.0  29.0  12.0  69.0  58.0  23.0  25.0  41.0  98.0  87.0  30.0  81.0  
11.0  82.0  98.0  46.0  72.0  24.0  35.0  16.0  96.0  50.0  51.0  93.0  36.0  15.0  93.0  65.0  7.0  64.0  42.0  98.0  30.0  90.0  36.0  18.0  24.0  15.0  58.0  28.0  59.0  18.0  50.0  9.0  68.0  82.0  88.0  11.0  26.0  51.0  47.0  93.0  92.0  23.0  44.0  79.0  66.0  66.0  55.0  99.0  83.0  56.0  74.0  100.0  83.0  42.0  55.0  14.0  83.0  50.0  68.0  10.0  44.0  10.0  21.0  2.0  13.0  23.0  64.0  10.0  85.0  34.0  23.0  97.0  
0.0  64.0  78.0  56.0  96.0  4.0  6.0  8.0  29.0  7.0  25.0  98.0  39.0  67.0  46.0  44.0  46.0  65.0  32.0  47.0  37.0  38.0  98.0  82.0  64.0  68.0  62.0  50.0  28.0  54.0  50.0  17.0  75.0  98.0  66.0  68.0  58.0  16.0  56.0  43.0  61.0  22.0  10.0  91.0  33.0  55.0  42.0  29.0  46.0  38.0  29.0  52.0  46.0  100.0  82.0  18.0  54.0  65.0  53.0  79.0  11.0  87.0  81.0  9.0  97.0  38.0  65.0  97.0  34.0  11.0  89.0  
79.0  69.0  99.0  64.0  36.0  87.0  77.0  59.0  78.0  86.0  70.0  32.0  1.0  53.0  96.0  3.0  10.0  52.0  64.0  38.0  100.0  1.0  57.0  31.0  85.0  91.0  69.0  58.0  91.0  20.0  0.0  51.0  4.0  84.0  71.0  39.0  10.0  64.0  25.0  63.0  9.0  63.0  45.0  47.0  56.0  29.0  42.0  22.0  80.0  14.0  61.0  70.0  40.0  69.0  21.0  56.0  61.0  62.0  21.0  47.0  69.0  55.0  72.0  48.0  87.0  69.0  21.0  54.0  61.0  33.0  
13.0  58.0  49.0  97.0  57.0  77.0  23.0  45.0  91.0  17.0  49.0  2.0  51.0  29.0  39.0  34.0  77.0  64.0  64.0  16.0  5.0  94.0  92.0  74.0  64.0  51.0  49.0  61.0  65.0  47.0  10.0  89.0  80.0  14.0  87.0  78.0  61.0  93.0  98.0  54.0  64.0  74.0  98.0  95.0  24.0  41.0  62.0  28.0  50.0  37.0  63.0  90.0  3.0  38.0  37.0  68.0  36.0  25.0  47.0  35.0  18.0  90.0  65.0  31.0  64.0  82.0  34.0  66.0  25.0  
30.0  66.0  82.0  67.0  53.0  99.0  39.0  76.0  93.0  82.0  31.0  64.0  32.0  75.0  91.0  67.0  34.0  1.0  57.0  57.0  9.0  19.0  60.0  83.0  11.0  17.0  63.0  5.0  34.0  8.0  83.0  47.0  100.0  48.0  18.0  35.0  32.0  55.0  45.0  73.0  4.0  40.0  43.0  30.0  36.0  18.0  36.0  93.0  9.0  48.0  55.0  89.0  67.0  12.0  6.0  92.0  45.0  70.0  85.0  71.0  22.0  100.0  49.0  75.0  7.0  78.0  43.0  67.0  
35.0  97.0  8.0  77.0  15.0  97.0  81.0  31.0  40.0  2.0  68.0  12.0  22.0  60.0  40.0  7.0  53.0  74.0  17.0  49.0  62.0  32.0  88.0  21.0  1.0  95.0  84.0  74.0  37.0  85.0  12.0  59.0  57.0  2.0  15.0  29.0  94.0  75.0  21.0  32.0  13.0  89.0  64.0  37.0  23.0  39.0  92.0  83.0  43.0  30.0  20.0  100.0  96.0  36.0  31.0  0.0  78.0  97.0  73.0  86.0  92.0  15.0  45.0  64.0  68.0  68.0  89.0  
82.0  70.0  83.0  13.0  63.0  57.0  57.0  80.0  45.0  75.0  20.0  86.0  48.0  15.0  39.0  13.0  1.0  43.0  68.0  70.0  86.0  1.0  2.0  17.0  35.0  82.0  40.0  13.0  67.0  11.0  47.0  58.0  94.0  83.0  61.0  83.0  98.0  77.0  1.0  0.0  44.0  23.0  95.0  71.0  29.0  50.0  90.0  44.0  82.0  58.0  91.0  83.0  89.0  90.0  41.0  23.0  66.0  15.0  10.0  80.0  4.0  61.0  9.0  44.0  98.0  52.0  
25.0  9.0  93.0  65.0  65.0  6.0  50.0  90.0  16.0  90.0  55.0  27.0  94.0  43.0  0.0  94.0  4.0  12.0  70.0  25.0  37.0  73.0  23.0  61.0  9.0  85.0  39.0  75.0  24.0  44.0  23.0  4.0  12.0  38.0  83.0  50.0  4.0  14.0  22.0  33.0  92.0  83.0  50.0  64.0  94.0  36.0  73.0  7.0  96.0  31.0  98.0  99.0  72.0  9.0  44.0  82.0  29.0  31.0  27.0  28.0  23.0  48.0  83.0  15.0  26.0  
34.0  23.0  89.0  99.0  36.0  67.0  21.0  49.0  61.0  35.0  66.0  96.0  58.0  59.0  43.0  28.0  6.0  27.0  47.0  46.0  40.0  66.0  60.0  70.0  53.0  33.0  100.0  45.0  66.0  99.0  76.0  47.0  0.0  69.0  21.0  36.0  42.0  30.0  86.0  81.0  87.0  9.0  71.0  73.0  13.0  4.0  76.0  24.0  21.0  87.0  42.0  30.0  66.0  0.0  59.0  2.0  13.0  46.0  25.0  29.0  80.0  93.0  0.0  32.0  
87.0  43.0  64.0  42.0  12.0  8.0  88.0  77.0  65.0  58.0  24.0  53.0  37.0  71.0  66.0  5.0  44.0  73.0  51.0  78.0  88.0  64.0  46.0  97.0  34.0  14.0  56.0  98.0  44.0  48.0  6.0  100.0  15.0  24.0  87.0  48.0  76.0  91.0  27.0  92.0  65.0  95.0  12.0  63.0  70.0  69.0  46.0  89.0  84.0  60.0  88.0  44.0  17.0  58.0  78.0  64.0  14.0  77.0  13.0  77.0  60.0  19.0  29.0  
49.0  68.0  88.0  86.0  98.0  59.0  19.0  8.0  84.0  47.0  78.0  59.0  82.0  78.0  21.0  65.0  12.0  60.0  77.0  82.0  16.0  55.0  18.0  58.0  45.0  47.0  31.0  22.0  27.0  19.0  80.0  86.0  72.0  44.0  10.0  1.0  72.0  6.0  1.0  30.0  72.0  35.0  91.0  32.0  2.0  2.0  73.0  28.0  68.0  2.0  28.0  20.0  68.0  71.0  89.0  44.0  25.0  26.0  32.0  48.0  11.0  99.0  
30.0  79.0  19.0  53.0  79.0  2.0  6.0  92.0  65.0  81.0  45.0  20.0  86.0  67.0  32.0  78.0  33.0  84.0  58.0  58.0  14.0  46.0  84.0  91.0  66.0  44.0  21.0  67.0  30.0  30.0  27.0  15.0  27.0  56.0  41.0  85.0  0.0  42.0  29.0  82.0  38.0  94.0  34.0  23.0  80.0  86.0  97.0  56.0  92.0  27.0  66.0  68.0  42.0  75.0  39.0  32.0  59.0  88.0  63.0  18.0  45.0  
36.0  94.0  11.0  66.0  20.0  4.0  25.0  80.0  17.0  26.0  50.0  34.0  14.0  97.0  33.0  46.0  43.0  37.0  49.0  6.0  2.0  62.0  17.0  40.0  78.0  52.0  66.0  76.0  20.0  5.0  15.0  44.0  33.0  28.0  4.0  15.0  65.0  52.0  73.0  42.0  57.0  41.0  1.0  79.0  13.0  4.0  71.0  21.0  19.0  86.0  32.0  38.0  97.0  39.0  69.0  75.0  57.0  10.0  61.0  7.0  
92.0  98.0  85.0  73.0  82.0  40.0  52.0  19.0  26.0  64.0  66.0  29.0  62.0  28.0  66.0  92.0  81.0  78.0  80.0  53.0  24.0  74.0  45.0  65.0  6.0  1.0  47.0  51.0  34.0  24.0  8.0  62.0  47.0  33.0  33.0  36.0  45.0  77.0  84.0  48.0  9.0  77.0  35.0  33.0  33.0  2.0  46.0  31.0  63.0  20.0  51.0  18.0  92.0  96.0  68.0  77.0  6.0  38.0  94.0  
76.0  89.0  59.0  31.0  40.0  68.0  16.0  58.0  50.0  22.0  63.0  21.0  99.0  32.0  77.0  46.0  60.0  58.0  44.0  94.0  34.0  47.0  91.0  49.0  36.0  10.0  89.0  76.0  14.0  67.0  10.0  79.0  54.0  75.0  93.0  62.0  98.0  21.0  16.0  2.0  83.0  29.0  96.0  73.0  80.0  8.0  86.0  51.0  86.0  31.0  35.0  28.0  20.0  76.0  89.0  89.0  3.0  71.0  
50.0  36.0  0.0  72.0  27.0  38.0  83.0  58.0  26.0  69.0  58.0  56.0  36.0  19.0  26.0  3.0  23.0  9.0  42.0  14.0  78.0  35.0  74.0  60.0  48.0  68.0  53.0  75.0  78.0  46.0  19.0  90.0  46.0  48.0  1.0  80.0  59.0  19.0  4.0  23.0  86.0  97.0  9.0  44.0  83.0  50.0  36.0  79.0  47.0  86.0  50.0  21.0  23.0  61.0  41.0  8.0  9.0  
69.0  67.0  16.0  56.0  56.0  94.0  40.0  38.0  90.0  29.0  31.0  79.0  35.0  4.0  33.0  33.0  58.0  1.0  36.0  69.0  96.0  53.0  5.0  19.0  56.0  89.0  35.0  27.0  96.0  70.0  23.0  86.0  25.0  26.0  50.0  97.0  46.0  76.0  70.0  5.0  95.0  65.0  72.0  26.0  94.0  50.0  0.0  25.0  29.0  50.0  87.0  94.0  55.0  79.0  33.0  87.0  
48.0  1.0  24.0  97.0  1.0  56.0  91.0  73.0  61.0  29.0  6.0  96.0  56.0  35.0  12.0  14.0  82.0  73.0  66.0  91.0  28.0  96.0  1.0  92.0  75.0  73.0  25.0  65.0  35.0  76.0  51.0  78.0  85.0  41.0  10.0  99.0  39.0  97.0  30.0  80.0  86.0  49.0  0.0  72.0  5.0  41.0  20.0  71.0  55.0  9.0  65.0  27.0  26.0  65.0  77.0  
12.0  54.0  84.0  34.0  44.0  23.0  16.0  31.0  80.0  60.0  100.0  14.0  41.0  28.0  47.0  33.0  23.0  86.0  66.0  33.0  89.0  64.0  65.0  63.0  71.0  89.0  92.0  27.0  99.0  19.0  92.0  33.0  63.0  83.0  45.0  39.0  56.0  16.0  64.0  1.0  100.0  95.0  1.0  53.0  87.0  75.0  89.0  75.0  46.0  71.0  87.0  62.0  78.0  24.0  
78.0  28.0  16.0  41.0  24.0  25.0  45.0  11.0  84.0  83.0  39.0  51.0  14.0  93.0  22.0  62.0  10.0  62.0  15.0  94.0  84.0  89.0  85.0  7.0  25.0  83.0  89.0  33.0  35.0  38.0  84.0  71.0  24.0  92.0  17.0  5.0  86.0  34.0  10.0  64.0  86.0  18.0  36.0  69.0  20.0  14.0  62.0  33.0  17.0  75.0  46.0  26.0  70.0  
29.0  2.0  19.0  28.0  51.0  72.0  65.0  16.0  47.0  49.0  73.0  96.0  4.0  49.0  50.0  60.0  43.0  33.0  6.0  43.0  51.0  83.0  71.0  75.0  100.0  67.0  18.0  33.0  51.0  10.0  29.0  7.0  55.0  73.0  15.0  72.0  43.0  61.0  22.0  30.0  52.0  100.0  88.0  13.0  68.0  65.0  16.0  95.0  37.0  64.0  59.0  32.0  
11.0  26.0  9.0  75.0  22.0  41.0  13.0  27.0  82.0  86.0  17.0  99.0  49.0  68.0  37.0  1.0  75.0  97.0  12.0  86.0  71.0  44.0  84.0  60.0  42.0  21.0  94.0  58.0  55.0  41.0  51.0  16.0  3.0  27.0  80.0  28.0  38.0  51.0  77.0  42.0  27.0  56.0  30.0  46.0  79.0  84.0  67.0  85.0  99.0  85.0  92.0  
43.0  49.0  11.0  76.0  7.0  16.0  46.0  40.0  71.0  68.0  20.0  24.0  53.0  20.0  34.0  97.0  24.0  99.0  24.0  83.0  34.0  85.0  93.0  96.0  72.0  70.0  61.0  27.0  98.0  22.0  95.0  98.0  20.0  42.0  81.0  65.0  67.0  26.0  80.0  62.0  30.0  23.0  0.0  17.0  42.0  47.0  10.0  67.0  50.0  60.0  
32.0  67.0  29.0  17.0  70.0  29.0  24.0  43.0  13.0  69.0  58.0  90.0  16.0  7.0  26.0  47.0  16.0  36.0  84.0  25.0  15.0  39.0  60.0  49.0  63.0  2.0  4.0  42.0  90.0  62.0  8.0  75.0  43.0  63.0  35.0  16.0  87.0  68.0  10.0  25.0  40.0  31.0  25.0  6.0  91.0  32.0  98.0  26.0  41.0  
29.0  91.0  13.0  36.0  98.0  55.0  75.0  69.0  8.0  92.0  4.0  45.0  38.0  12.0  99.0  28.0  22.0  67.0  75.0  82.0  20.0  92.0  34.0  24.0  89.0  59.0  99.0  69.0  72.0  10.0  5.0  22.0  29.0  88.0  82.0  52.0  32.0  11.0  2.0  89.0  11.0  38.0  98.0  28.0  96.0  87.0  60.0  86.0  
74.0  74.0  83.0  41.0  21.0  47.0  22.0  42.0  52.0  100.0  0.0  28.0  86.0  73.0  16.0  31.0  69.0  24.0  79.0  55.0  96.0  95.0  63.0  13.0  25.0  11.0  65.0  21.0  88.0  63.0  63.0  65.0  34.0  42.0  35.0  22.0  35.0  32.0  71.0  29.0  94.0  90.0  47.0  50.0  17.0  49.0  87.0  
29.0  54.0  0.0  8.0  84.0  0.0  98.0  37.0  100.0  44.0  27.0  28.0  99.0  88.0  95.0  92.0  30.0  68.0  38.0  72.0  11.0  96.0  23.0  22.0  27.0  12.0  0.0  64.0  81.0  37.0  8.0  84.0  32.0  49.0  24.0  60.0  87.0  40.0  42.0  57.0  96.0  82.0  49.0  70.0  10.0  57.0  
97.0  95.0  56.0  82.0  38.0  57.0  97.0  81.0  41.0  53.0  22.0  24.0  7.0  74.0  95.0  100.0  24.0  45.0  75.0  20.0  68.0  3.0  97.0  37.0  80.0  42.0  6.0  56.0  9.0  92.0  27.0  33.0  38.0  1.0  67.0  86.0  90.0  53.0  20.0  88.0  97.0  81.0  91.0  43.0  55.0  
90.0  17.0  20.0  3.0  27.0  90.0  56.0  85.0  12.0  96.0  39.0  93.0  27.0  98.0  85.0  80.0  74.0  6.0  93.0  97.0  66.0  6.0  37.0  72.0  52.0  52.0  78.0  16.0  65.0  62.0  64.0  62.0  65.0  85.0  77.0  91.0  32.0  27.0  51.0  24.0  17.0  29.0  20.0  89.0  
44.0  56.0  40.0  77.0  14.0  92.0  81.0  18.0  53.0  42.0  87.0  35.0  13.0  54.0  32.0  95.0  21.0  45.0  25.0  7.0  71.0  98.0  28.0  8.0  28.0  92.0  5.0  26.0  46.0  82.0  87.0  50.0  20.0  18.0  68.0  19.0  68.0  72.0  78.0  89.0  50.0  40.0  53.0  
46.0  44.0  23.0  60.0  94.0  75.0  59.0  78.0  73.0  82.0  50.0  84.0  76.0  7.0  99.0  77.0  99.0  71.0  50.0  93.0  66.0  87.0  44.0  1.0  82.0  16.0  66.0  64.0  40.0  98.0  50.0  53.0  98.0  89.0  7.0  84.0  19.0  23.0  19.0  31.0  12.0  14.0  
71.0  100.0  72.0  14.0  6.0  18.0  33.0  8.0  28.0  38.0  41.0  93.0  77.0  8.0  68.0  95.0  92.0  20.0  58.0  6.0  72.0  86.0  33.0  1.0  99.0  61.0  96.0  85.0  3.0  40.0  96.0  64.0  3.0  81.0  84.0  10.0  16.0  37.0  44.0  64.0  62.0  
80.0  71.0  64.0  88.0  80.0  94.0  3.0  84.0  13.0  58.0  16.0  99.0  17.0  92.0  68.0  27.0  88.0  39.0  37.0  83.0  72.0  39.0  2.0  38.0  15.0  5.0  21.0  48.0  19.0  6.0  35.0  7.0  22.0  73.0  78.0  23.0  25.0  100.0  0.0  98.0  
60.0  44.0  79.0  90.0  88.0  50.0  6.0  37.0  29.0  23.0  34.0  86.0  61.0  62.0  60.0  49.0  13.0  86.0  91.0  86.0  29.0  20.0  97.0  52.0  100.0  43.0  95.0  42.0  16.0  0.0  41.0  52.0  77.0  68.0  65.0  20.0  93.0  71.0  22.0  
19.0  78.0  96.0  53.0  59.0  85.0  90.0  55.0  64.0  19.0  68.0  48.0  88.0  19.0  66.0  19.0  71.0  90.0  88.0  2.0  57.0  71.0  17.0  25.0  88.0  31.0  90.0  52.0  22.0  79.0  32.0  43.0  76.0  92.0  0.0  51.0  50.0  100.0  
39.0  67.0  86.0  12.0  9.0  40.0  29.0  7.0  65.0  77.0  72.0  47.0  40.0  54.0  93.0  44.0  69.0  70.0  17.0  100.0  39.0  41.0  73.0  42.0  87.0  69.0  57.0  69.0  53.0  11.0  85.0  76.0  1.0  30.0  86.0  57.0  44.0  
72.0  92.0  36.0  62.0  59.0  75.0  89.0  85.0  3.0  67.0  92.0  50.0  39.0  87.0  64.0  95.0  12.0  24.0  85.0  77.0  80.0  34.0  40.0  82.0  86.0  91.0  62.0  50.0  96.0  62.0  15.0  66.0  42.0  45.0  91.0  1.0  
28.0  58.0  17.0  2.0  83.0  60.0  8.0  70.0  64.0  22.0  10.0  87.0  63.0  26.0  31.0  46.0  15.0  58.0  83.0  13.0  56.0  25.0  87.0  93.0  10.0  41.0  20.0  42.0  41.0  98.0  42.0  42.0  93.0  85.0  46.0  
10.0  31.0  8.0  99.0  27.0  67.0  45.0  77.0  13.0  88.0  31.0  48.0  13.0  54.0  92.0  20.0  1.0  25.0  50.0  81.0  18.0  44.0  88.0  20.0  46.0  26.0  15.0  2.0  83.0  12.0  75.0  93.0  1.0  46.0  
94.0  94.0  53.0  38.0  28.0  60.0  92.0  80.0  51.0  6.0  29.0  51.0  72.0  56.0  26.0  78.0  50.0  10.0  58.0  48.0  27.0  63.0  69.0  25.0  83.0  3.0  24.0  19.0  50.0  69.0  2.0  8.0  9.0  
62.0  11.0  75.0  61.0  5.0  98.0  76.0  96.0  13.0  5.0  29.0  10.0  2.0  3.0  36.0  14.0  62.0  30.0  19.0  75.0  41.0  67.0  63.0  74.0  89.0  33.0  31.0  52.0  75.0  47.0  93.0  89.0  
77.0  87.0  55.0  51.0  98.0  21.0  56.0  84.0  77.0  35.0  45.0  36.0  44.0  32.0  7.0  17.0  78.0  40.0  66.0  50.0  42.0  75.0  27.0  48.0  69.0  96.0  83.0  2.0  80.0  76.0  74.0  
11.0  100.0  8.0  97.0  19.0  10.0  96.0  37.0  84.0  33.0  27.0  21.0  50.0  54.0  23.0  67.0  89.0  32.0  47.0  62.0  52.0  48.0  0.0  71.0  92.0  2.0  85.0  44.0  47.0  51.0  
82.0  87.0  81.0  16.0  83.0  76.0  32.0  89.0  13.0  67.0  39.0  22.0  43.0  70.0  99.0  46.0  92.0  88.0  27.0  84.0  98.0  27.0  45.0  66.0  25.0  24.0  11.0  55.0  34.0  
65.0  21.0  28.0  58.0  6.0  83.0  14.0  79.0  25.0  48.0  19.0  86.0  45.0  90.0  0.0  60.0  53.0  32.0  28.0  92.0  44.0  86.0  50.0  56.0  40.0  18.0  71.0  75.0  
74.0  60.0  27.0  59.0  61.0  6.0  52.0  91.0  48.0  85.0  88.0  26.0  22.0  16.0  57.0  18.0  18.0  32.0  26.0  9.0  69.0  84.0  4.0  53.0  47.0  32.0  68.0  
53.0  98.0  18.0  53.0  10.0  100.0  46.0  25.0  21.0  62.0  64.0  77.0  3.0  63.0  25.0  69.0  22.0  16.0  12.0  61.0  86.0  84.0  95.0  20.0  20.0  30.0  
30.0  8.0  68.0  1.0  2.0  93.0  20.0  77.0  52.0  87.0  2.0  92.0  96.0  47.0  47.0  49.0  87.0  67.0  52.0  10.0  49.0  92.0  53.0  52.0  52.0  
52.0  32.0  23.0  9.0  69.0  30.0  9.0  51.0  84.0  14.0  21.0  22.0  99.0  88.0  53.0  7.0  99.0  11.0  13.0  98.0  20.0  44.0  20.0  96.0  
59.0  83.0  51.0  98.0  2.0  48.0  72.0  26.0  58.0  61.0  41.0  58.0  31.0  4.0  68.0  2.0  77.0  66.0  74.0  54.0  56.0  52.0  77.0  
21.0  35.0  6.0  1.0  39.0  40.0  0.0  74.0  11.0  45.0  92.0  93.0  18.0  73.0  62.0  0.0  88.0  35.0  29.0  29.0  4.0  68.0  
56.0  17.0  78.0  98.0  20.0  50.0  80.0  75.0  37.0  51.0  6.0  84.0  60.0  35.0  36.0  69.0  87.0  100.0  92.0  35.0  12.0  
9.0  90.0  1.0  0.0  60.0  86.0  49.0  76.0  0.0  92.0  10.0  45.0  51.0  45.0  51.0  62.0  60.0  81.0  36.0  67.0  
58.0  1.0  47.0  55.0  15.0  89.0  83.0  79.0  43.0  90.0  27.0  41.0  41.0  57.0  10.0  80.0  42.0  85.0  43.0  
6.0  58.0  39.0  44.0  41.0  83.0  66.0  61.0  67.0  73.0  17.0  6.0  88.0  67.0  57.0  80.0  75.0  31.0  
15.0  34.0  28.0  36.0  12.0  79.0  14.0  35.0  30.0  62.0  96.0  79.0  25.0  32.0  77.0  36.0  28.0  
94.0  69.0  14.0  80.0  44.0  50.0  18.0  51.0  66.0  27.0  88.0  33.0  85.0  45.0  40.0  60.0  
77.0  23.0  18.0  80.0  70.0  83.0  85.0  29.0  8.0  8.0  77.0  98.0  15.0  89.0  8.0  
96.0  69.0  5.0  98.0  3.0  71.0  84.0  39.0  11.0  96.0  13.0  50.0  13.0  37.0  
64.0  91.0  60.0  95.0  92.0  83.0  83.0  31.0  51.0  47.0  5.0  75.0  38.0  
46.0  90.0  30.0  79.0  66.0  56.0  1.0  27.0  2.0  88.0  47.0  53.0  
0.0  77.0  88.0  80.0  92.0  49.0  6.0  85.0  4.0  71.0  63.0  
64.0  36.0  14.0  10.0  94.0  69.0  99.0  84.0  33.0  81.0  
14.0  29.0  81.0  77.0  61.0  55.0  52.0  54.0  27.0  
14.0  83.0  13.0  34.0  54.0  78.0  51.0  51.0  
32.0  20.0  21.0  44.0  74.0  59.0  74.0  
68.0  48.0  91.0  87.0  54.0  2.0  
50.0  24.0  44.0  39.0  71.0  
85.0  74.0  92.0  11.0  
51.0  40.0  24.0  
75.0  54.0  
46.0  
