61.0  96.0  90.0  83.0  51.0  57.0  7.0  44.0  73.0  60.0  94.0  91.0  11.0  29.0  70.0  35.0  34.0  19.0  68.0  8.0  8.0  61.0  82.0  89.0  48.0  45.0  71.0  3.0  47.0  44.0  55.0  74.0  30.0  6.0  96.0  63.0  4.0  85.0  3.0  49.0  12.0  20.0  3.0  87.0  55.0  12.0  56.0  23.0  38.0  43.0  87.0  70.0  83.0  57.0  100.0  75.0  90.0  
34.0  96.0  44.0  42.0  12.0  97.0  18.0  37.0  8.0  13.0  70.0  99.0  62.0  89.0  89.0  26.0  93.0  1.0  64.0  82.0  81.0  65.0  49.0  8.0  67.0  86.0  59.0  75.0  23.0  31.0  91.0  21.0  13.0  9.0  96.0  43.0  80.0  88.0  97.0  85.0  38.0  36.0  26.0  62.0  40.0  64.0  19.0  98.0  89.0  2.0  36.0  16.0  23.0  43.0  52.0  70.0  
23.0  34.0  81.0  75.0  23.0  51.0  61.0  26.0  31.0  6.0  16.0  32.0  18.0  10.0  53.0  3.0  49.0  86.0  50.0  89.0  48.0  49.0  61.0  48.0  10.0  69.0  98.0  69.0  19.0  75.0  62.0  69.0  58.0  84.0  28.0  69.0  95.0  69.0  66.0  3.0  66.0  43.0  52.0  21.0  71.0  61.0  59.0  68.0  90.0  69.0  35.0  16.0  65.0  50.0  36.0  
58.0  31.0  46.0  74.0  48.0  57.0  91.0  40.0  34.0  5.0  86.0  82.0  40.0  26.0  59.0  72.0  20.0  62.0  26.0  22.0  38.0  34.0  65.0  86.0  11.0  88.0  0.0  61.0  42.0  39.0  4.0  47.0  57.0  19.0  27.0  49.0  28.0  92.0  50.0  98.0  61.0  42.0  57.0  55.0  44.0  45.0  46.0  5.0  47.0  48.0  64.0  1.0  3.0  54.0  
51.0  30.0  82.0  36.0  70.0  66.0  33.0  29.0  33.0  24.0  90.0  34.0  73.0  12.0  49.0  7.0  65.0  44.0  59.0  77.0  88.0  0.0  74.0  71.0  54.0  2.0  63.0  59.0  64.0  65.0  70.0  2.0  34.0  76.0  15.0  67.0  3.0  69.0  43.0  69.0  9.0  71.0  36.0  40.0  0.0  26.0  2.0  31.0  33.0  0.0  80.0  45.0  80.0  
64.0  22.0  66.0  92.0  12.0  4.0  71.0  8.0  81.0  88.0  0.0  28.0  86.0  40.0  77.0  38.0  64.0  37.0  85.0  33.0  34.0  23.0  47.0  23.0  63.0  82.0  35.0  41.0  32.0  94.0  8.0  90.0  36.0  11.0  92.0  56.0  7.0  46.0  38.0  35.0  69.0  76.0  40.0  66.0  64.0  74.0  59.0  22.0  35.0  14.0  76.0  54.0  
43.0  95.0  49.0  51.0  51.0  2.0  67.0  59.0  89.0  80.0  31.0  69.0  10.0  37.0  97.0  77.0  26.0  14.0  80.0  38.0  97.0  7.0  48.0  76.0  68.0  96.0  77.0  21.0  17.0  97.0  32.0  7.0  31.0  25.0  88.0  55.0  11.0  92.0  38.0  61.0  17.0  88.0  86.0  49.0  22.0  36.0  75.0  97.0  93.0  70.0  62.0  
61.0  70.0  39.0  27.0  85.0  42.0  56.0  13.0  12.0  64.0  39.0  83.0  23.0  40.0  33.0  45.0  15.0  78.0  8.0  44.0  65.0  70.0  63.0  52.0  93.0  90.0  27.0  15.0  35.0  41.0  34.0  71.0  48.0  5.0  11.0  69.0  78.0  45.0  69.0  26.0  72.0  8.0  11.0  84.0  73.0  22.0  67.0  53.0  41.0  85.0  
66.0  84.0  70.0  17.0  40.0  56.0  89.0  55.0  18.0  34.0  46.0  59.0  2.0  38.0  13.0  94.0  3.0  73.0  85.0  2.0  70.0  64.0  15.0  70.0  20.0  79.0  70.0  86.0  7.0  100.0  49.0  98.0  1.0  31.0  21.0  64.0  31.0  69.0  85.0  38.0  75.0  22.0  93.0  1.0  69.0  49.0  100.0  51.0  66.0  
41.0  76.0  38.0  67.0  66.0  11.0  84.0  60.0  61.0  24.0  94.0  6.0  60.0  73.0  43.0  90.0  41.0  87.0  53.0  68.0  73.0  18.0  77.0  64.0  54.0  98.0  62.0  29.0  37.0  50.0  12.0  73.0  27.0  89.0  57.0  6.0  44.0  88.0  100.0  79.0  54.0  17.0  37.0  91.0  47.0  97.0  13.0  29.0  
55.0  41.0  0.0  26.0  79.0  19.0  22.0  67.0  85.0  70.0  69.0  64.0  25.0  63.0  33.0  89.0  37.0  38.0  46.0  59.0  79.0  56.0  67.0  72.0  54.0  27.0  60.0  95.0  39.0  37.0  54.0  27.0  42.0  40.0  20.0  53.0  62.0  53.0  28.0  37.0  26.0  69.0  92.0  65.0  60.0  3.0  1.0  
56.0  66.0  72.0  24.0  74.0  34.0  56.0  83.0  89.0  37.0  2.0  5.0  65.0  4.0  40.0  75.0  64.0  86.0  11.0  81.0  64.0  83.0  4.0  1.0  9.0  68.0  19.0  79.0  24.0  45.0  12.0  2.0  98.0  63.0  41.0  68.0  65.0  43.0  64.0  11.0  49.0  46.0  41.0  20.0  59.0  3.0  
89.0  1.0  94.0  96.0  60.0  52.0  34.0  72.0  23.0  78.0  14.0  24.0  59.0  72.0  61.0  90.0  18.0  67.0  43.0  20.0  65.0  32.0  97.0  95.0  62.0  21.0  62.0  93.0  63.0  38.0  65.0  3.0  40.0  45.0  7.0  5.0  1.0  11.0  39.0  60.0  34.0  34.0  64.0  27.0  48.0  
85.0  98.0  66.0  13.0  22.0  21.0  6.0  1.0  80.0  82.0  31.0  38.0  44.0  9.0  74.0  13.0  59.0  70.0  31.0  52.0  30.0  94.0  51.0  29.0  79.0  70.0  47.0  76.0  89.0  91.0  45.0  36.0  10.0  74.0  22.0  40.0  96.0  46.0  35.0  100.0  80.0  25.0  58.0  66.0  
18.0  42.0  20.0  62.0  56.0  24.0  11.0  25.0  43.0  80.0  18.0  47.0  75.0  42.0  66.0  26.0  30.0  29.0  26.0  67.0  68.0  21.0  18.0  49.0  16.0  80.0  14.0  54.0  25.0  58.0  21.0  10.0  2.0  40.0  15.0  56.0  45.0  14.0  90.0  92.0  76.0  69.0  29.0  
96.0  37.0  57.0  17.0  81.0  56.0  43.0  55.0  17.0  79.0  17.0  61.0  88.0  35.0  20.0  46.0  70.0  80.0  45.0  18.0  52.0  2.0  14.0  10.0  65.0  17.0  52.0  52.0  42.0  23.0  71.0  69.0  93.0  87.0  49.0  44.0  65.0  50.0  69.0  40.0  36.0  10.0  
61.0  75.0  17.0  42.0  12.0  85.0  61.0  74.0  60.0  70.0  89.0  13.0  96.0  27.0  74.0  72.0  70.0  81.0  40.0  56.0  64.0  43.0  41.0  81.0  19.0  39.0  16.0  73.0  13.0  10.0  59.0  61.0  79.0  37.0  3.0  25.0  22.0  3.0  61.0  17.0  34.0  
41.0  36.0  59.0  33.0  14.0  13.0  27.0  82.0  18.0  65.0  17.0  81.0  85.0  100.0  21.0  52.0  20.0  71.0  81.0  8.0  91.0  76.0  65.0  95.0  75.0  91.0  57.0  28.0  1.0  32.0  43.0  69.0  22.0  11.0  38.0  71.0  11.0  31.0  54.0  92.0  
89.0  91.0  77.0  41.0  99.0  29.0  45.0  79.0  40.0  81.0  0.0  10.0  17.0  55.0  13.0  83.0  70.0  42.0  86.0  35.0  96.0  39.0  97.0  100.0  60.0  67.0  3.0  18.0  2.0  93.0  53.0  8.0  94.0  83.0  57.0  81.0  91.0  19.0  21.0  
89.0  24.0  10.0  26.0  48.0  7.0  98.0  21.0  24.0  83.0  61.0  12.0  61.0  99.0  66.0  66.0  95.0  97.0  81.0  44.0  78.0  36.0  4.0  72.0  0.0  48.0  13.0  97.0  67.0  54.0  7.0  52.0  81.0  68.0  19.0  3.0  30.0  85.0  
63.0  35.0  50.0  93.0  74.0  56.0  73.0  10.0  45.0  84.0  47.0  94.0  55.0  86.0  50.0  20.0  12.0  21.0  14.0  37.0  28.0  10.0  81.0  94.0  72.0  8.0  5.0  100.0  17.0  21.0  100.0  14.0  12.0  20.0  8.0  75.0  66.0  
67.0  0.0  81.0  2.0  11.0  0.0  49.0  45.0  100.0  95.0  25.0  13.0  51.0  82.0  9.0  13.0  12.0  89.0  88.0  47.0  18.0  64.0  23.0  12.0  18.0  43.0  92.0  2.0  90.0  12.0  21.0  94.0  57.0  91.0  40.0  26.0  
42.0  36.0  88.0  93.0  38.0  44.0  99.0  1.0  70.0  63.0  80.0  34.0  83.0  20.0  75.0  67.0  31.0  53.0  45.0  33.0  62.0  51.0  37.0  45.0  90.0  91.0  32.0  38.0  9.0  89.0  100.0  35.0  32.0  69.0  95.0  
93.0  94.0  67.0  28.0  45.0  78.0  49.0  12.0  78.0  19.0  62.0  23.0  58.0  78.0  77.0  92.0  83.0  98.0  84.0  38.0  69.0  9.0  21.0  56.0  24.0  39.0  16.0  17.0  3.0  67.0  31.0  87.0  70.0  87.0  
67.0  8.0  60.0  89.0  69.0  63.0  0.0  23.0  14.0  97.0  50.0  59.0  68.0  68.0  89.0  74.0  12.0  31.0  25.0  78.0  10.0  49.0  6.0  93.0  66.0  14.0  36.0  21.0  37.0  51.0  3.0  62.0  62.0  
22.0  36.0  69.0  73.0  33.0  40.0  37.0  53.0  85.0  79.0  43.0  75.0  43.0  16.0  37.0  78.0  7.0  44.0  35.0  25.0  52.0  53.0  80.0  13.0  23.0  78.0  76.0  76.0  79.0  87.0  38.0  35.0  
99.0  98.0  76.0  8.0  49.0  84.0  68.0  66.0  65.0  94.0  11.0  61.0  9.0  82.0  43.0  43.0  79.0  26.0  35.0  75.0  43.0  10.0  40.0  23.0  60.0  65.0  76.0  92.0  16.0  98.0  4.0  
0.0  81.0  50.0  38.0  99.0  86.0  58.0  45.0  83.0  5.0  85.0  84.0  61.0  74.0  51.0  60.0  1.0  34.0  96.0  58.0  12.0  65.0  76.0  41.0  18.0  72.0  92.0  36.0  29.0  52.0  
20.0  38.0  72.0  80.0  38.0  44.0  22.0  72.0  63.0  44.0  40.0  97.0  10.0  65.0  79.0  7.0  45.0  57.0  88.0  64.0  83.0  71.0  38.0  88.0  13.0  72.0  25.0  97.0  52.0  
14.0  72.0  24.0  53.0  45.0  84.0  21.0  5.0  25.0  26.0  14.0  9.0  89.0  71.0  75.0  24.0  46.0  89.0  73.0  54.0  23.0  72.0  92.0  26.0  78.0  47.0  75.0  58.0  
12.0  31.0  81.0  100.0  54.0  4.0  84.0  85.0  90.0  72.0  56.0  96.0  38.0  93.0  40.0  2.0  57.0  73.0  56.0  61.0  22.0  36.0  66.0  7.0  26.0  59.0  67.0  
74.0  95.0  76.0  56.0  52.0  92.0  47.0  67.0  35.0  63.0  86.0  56.0  95.0  40.0  20.0  0.0  90.0  63.0  45.0  34.0  64.0  59.0  95.0  87.0  42.0  70.0  
78.0  72.0  66.0  8.0  9.0  71.0  64.0  12.0  42.0  29.0  59.0  34.0  89.0  5.0  49.0  90.0  94.0  66.0  86.0  24.0  12.0  13.0  6.0  70.0  21.0  
64.0  64.0  21.0  45.0  91.0  19.0  42.0  33.0  14.0  3.0  61.0  83.0  66.0  92.0  31.0  17.0  51.0  81.0  100.0  15.0  57.0  46.0  3.0  85.0  
93.0  22.0  73.0  16.0  60.0  97.0  48.0  6.0  92.0  34.0  0.0  32.0  26.0  12.0  87.0  69.0  98.0  87.0  62.0  52.0  24.0  53.0  30.0  
11.0  66.0  21.0  85.0  52.0  84.0  27.0  96.0  20.0  80.0  79.0  61.0  49.0  47.0  39.0  95.0  52.0  89.0  80.0  36.0  22.0  54.0  
100.0  94.0  57.0  9.0  83.0  31.0  39.0  56.0  37.0  91.0  66.0  32.0  61.0  69.0  58.0  15.0  46.0  55.0  77.0  86.0  7.0  
13.0  46.0  59.0  31.0  95.0  69.0  29.0  96.0  23.0  13.0  81.0  82.0  76.0  86.0  53.0  56.0  10.0  84.0  76.0  0.0  
93.0  85.0  67.0  44.0  94.0  33.0  55.0  37.0  53.0  96.0  27.0  15.0  22.0  24.0  80.0  74.0  11.0  12.0  94.0  
91.0  88.0  68.0  59.0  47.0  15.0  90.0  91.0  17.0  90.0  15.0  54.0  93.0  81.0  81.0  73.0  61.0  94.0  
50.0  49.0  31.0  4.0  94.0  24.0  33.0  83.0  94.0  70.0  95.0  18.0  18.0  32.0  53.0  57.0  21.0  
13.0  77.0  34.0  75.0  50.0  92.0  61.0  94.0  68.0  27.0  56.0  38.0  86.0  22.0  1.0  88.0  
72.0  93.0  52.0  20.0  85.0  24.0  2.0  63.0  58.0  3.0  10.0  42.0  61.0  1.0  26.0  
88.0  35.0  28.0  81.0  37.0  83.0  90.0  27.0  80.0  4.0  37.0  41.0  54.0  47.0  
98.0  18.0  54.0  73.0  100.0  16.0  75.0  52.0  29.0  45.0  94.0  46.0  31.0  
54.0  75.0  66.0  54.0  49.0  58.0  87.0  98.0  98.0  23.0  80.0  96.0  
31.0  0.0  69.0  1.0  14.0  82.0  60.0  47.0  12.0  85.0  13.0  
52.0  41.0  53.0  40.0  47.0  12.0  29.0  98.0  51.0  49.0  
0.0  82.0  81.0  57.0  21.0  90.0  100.0  34.0  67.0  
50.0  9.0  26.0  3.0  65.0  13.0  3.0  21.0  
32.0  98.0  78.0  21.0  81.0  72.0  64.0  
19.0  95.0  95.0  11.0  98.0  46.0  
45.0  4.0  30.0  44.0  82.0  
53.0  58.0  49.0  55.0  
27.0  46.0  67.0  
51.0  42.0  
48.0  
