84.0  74.0  98.0  5.0  90.0  92.0  80.0  34.0  99.0  55.0  9.0  27.0  29.0  17.0  62.0  43.0  24.0  4.0  9.0  79.0  90.0  11.0  42.0  70.0  15.0  88.0  53.0  33.0  27.0  91.0  100.0  27.0  88.0  34.0  87.0  53.0  33.0  2.0  36.0  63.0  92.0  99.0  47.0  94.0  7.0  75.0  13.0  38.0  62.0  52.0  47.0  97.0  16.0  32.0  26.0  63.0  59.0  
18.0  56.0  30.0  12.0  29.0  69.0  17.0  33.0  47.0  21.0  43.0  99.0  17.0  19.0  71.0  87.0  100.0  97.0  90.0  87.0  74.0  25.0  76.0  10.0  68.0  91.0  33.0  63.0  11.0  69.0  70.0  67.0  41.0  54.0  56.0  7.0  37.0  6.0  28.0  18.0  16.0  30.0  37.0  56.0  71.0  0.0  63.0  40.0  8.0  20.0  5.0  87.0  50.0  72.0  45.0  46.0  
71.0  3.0  4.0  23.0  55.0  36.0  37.0  92.0  20.0  38.0  28.0  12.0  45.0  31.0  59.0  30.0  85.0  5.0  49.0  88.0  5.0  3.0  19.0  87.0  94.0  32.0  56.0  54.0  97.0  32.0  63.0  26.0  56.0  69.0  25.0  16.0  60.0  42.0  92.0  31.0  15.0  27.0  47.0  37.0  31.0  79.0  88.0  93.0  34.0  83.0  71.0  7.0  18.0  71.0  88.0  
0.0  74.0  42.0  43.0  15.0  35.0  89.0  55.0  67.0  26.0  16.0  67.0  30.0  96.0  23.0  23.0  54.0  21.0  89.0  86.0  36.0  16.0  98.0  15.0  8.0  97.0  0.0  55.0  20.0  17.0  31.0  48.0  78.0  83.0  10.0  55.0  67.0  96.0  67.0  9.0  18.0  81.0  69.0  52.0  39.0  91.0  100.0  55.0  57.0  57.0  40.0  23.0  94.0  64.0  
33.0  22.0  49.0  80.0  90.0  28.0  78.0  52.0  4.0  49.0  43.0  50.0  36.0  18.0  40.0  18.0  77.0  98.0  0.0  51.0  20.0  48.0  46.0  29.0  13.0  47.0  52.0  96.0  63.0  88.0  24.0  60.0  93.0  28.0  91.0  67.0  6.0  56.0  90.0  89.0  36.0  51.0  28.0  6.0  62.0  9.0  36.0  15.0  27.0  73.0  80.0  22.0  71.0  
90.0  82.0  37.0  96.0  20.0  50.0  93.0  56.0  87.0  41.0  65.0  35.0  37.0  90.0  49.0  81.0  82.0  54.0  85.0  27.0  84.0  87.0  39.0  90.0  48.0  19.0  69.0  13.0  67.0  88.0  31.0  62.0  51.0  13.0  0.0  4.0  36.0  57.0  74.0  37.0  14.0  19.0  86.0  83.0  39.0  25.0  49.0  54.0  49.0  14.0  88.0  84.0  
39.0  25.0  1.0  82.0  0.0  29.0  35.0  21.0  15.0  92.0  64.0  54.0  75.0  50.0  59.0  77.0  43.0  1.0  28.0  89.0  18.0  57.0  81.0  98.0  12.0  54.0  18.0  54.0  57.0  69.0  11.0  26.0  97.0  80.0  84.0  60.0  40.0  4.0  20.0  29.0  88.0  44.0  8.0  34.0  24.0  17.0  80.0  25.0  66.0  20.0  10.0  
50.0  90.0  2.0  56.0  41.0  71.0  25.0  63.0  52.0  68.0  84.0  40.0  30.0  81.0  10.0  60.0  20.0  46.0  93.0  75.0  35.0  92.0  56.0  24.0  3.0  3.0  87.0  24.0  20.0  50.0  91.0  33.0  5.0  30.0  80.0  90.0  97.0  3.0  97.0  53.0  36.0  77.0  56.0  57.0  66.0  18.0  36.0  50.0  2.0  91.0  
24.0  43.0  56.0  71.0  46.0  76.0  91.0  50.0  13.0  48.0  51.0  86.0  88.0  10.0  49.0  30.0  58.0  13.0  88.0  72.0  82.0  29.0  64.0  16.0  28.0  50.0  22.0  4.0  9.0  65.0  8.0  96.0  71.0  53.0  96.0  92.0  44.0  83.0  57.0  5.0  61.0  75.0  62.0  8.0  82.0  38.0  47.0  58.0  10.0  
7.0  70.0  22.0  71.0  20.0  37.0  65.0  8.0  65.0  37.0  28.0  75.0  5.0  85.0  12.0  49.0  13.0  37.0  77.0  15.0  39.0  49.0  48.0  99.0  99.0  1.0  10.0  98.0  71.0  83.0  60.0  17.0  96.0  84.0  10.0  34.0  27.0  42.0  30.0  50.0  35.0  100.0  6.0  63.0  96.0  57.0  37.0  52.0  
46.0  73.0  55.0  100.0  85.0  0.0  26.0  37.0  61.0  43.0  27.0  51.0  28.0  96.0  69.0  63.0  54.0  42.0  77.0  70.0  71.0  15.0  54.0  100.0  95.0  9.0  33.0  16.0  14.0  6.0  88.0  86.0  22.0  36.0  42.0  13.0  25.0  32.0  46.0  50.0  75.0  63.0  76.0  91.0  78.0  2.0  15.0  
54.0  86.0  94.0  5.0  93.0  91.0  22.0  82.0  84.0  75.0  59.0  33.0  28.0  41.0  53.0  60.0  23.0  23.0  46.0  62.0  79.0  70.0  66.0  95.0  47.0  70.0  99.0  37.0  42.0  27.0  22.0  45.0  14.0  84.0  78.0  43.0  70.0  26.0  33.0  3.0  14.0  57.0  92.0  16.0  67.0  51.0  
37.0  23.0  29.0  22.0  61.0  91.0  56.0  12.0  0.0  90.0  86.0  66.0  86.0  52.0  34.0  55.0  32.0  54.0  74.0  52.0  44.0  41.0  34.0  68.0  19.0  83.0  25.0  95.0  97.0  20.0  47.0  93.0  24.0  36.0  92.0  70.0  89.0  88.0  93.0  80.0  1.0  48.0  98.0  42.0  37.0  
8.0  28.0  1.0  35.0  54.0  96.0  96.0  6.0  80.0  62.0  47.0  56.0  67.0  32.0  5.0  36.0  34.0  76.0  92.0  17.0  68.0  99.0  45.0  14.0  60.0  81.0  87.0  62.0  40.0  30.0  21.0  66.0  83.0  60.0  75.0  52.0  79.0  0.0  77.0  94.0  60.0  57.0  90.0  44.0  
36.0  6.0  85.0  4.0  59.0  4.0  19.0  48.0  15.0  36.0  66.0  53.0  69.0  10.0  25.0  35.0  57.0  71.0  57.0  18.0  5.0  84.0  15.0  15.0  33.0  45.0  73.0  54.0  3.0  0.0  7.0  69.0  44.0  47.0  16.0  53.0  61.0  97.0  100.0  48.0  84.0  30.0  93.0  
84.0  53.0  64.0  64.0  18.0  70.0  95.0  77.0  58.0  44.0  0.0  86.0  55.0  38.0  94.0  30.0  30.0  14.0  59.0  46.0  34.0  12.0  6.0  32.0  1.0  95.0  73.0  78.0  23.0  25.0  60.0  32.0  67.0  59.0  39.0  68.0  48.0  17.0  8.0  24.0  30.0  68.0  
71.0  38.0  17.0  27.0  72.0  1.0  58.0  6.0  21.0  49.0  31.0  71.0  33.0  70.0  28.0  34.0  94.0  74.0  71.0  93.0  45.0  69.0  19.0  77.0  71.0  8.0  73.0  22.0  29.0  14.0  4.0  76.0  5.0  29.0  96.0  75.0  43.0  89.0  29.0  79.0  95.0  
12.0  38.0  77.0  26.0  60.0  15.0  16.0  24.0  33.0  16.0  44.0  45.0  24.0  27.0  17.0  61.0  4.0  76.0  46.0  31.0  92.0  41.0  36.0  19.0  39.0  25.0  67.0  32.0  76.0  92.0  26.0  73.0  77.0  6.0  17.0  68.0  25.0  27.0  39.0  73.0  
21.0  39.0  19.0  100.0  12.0  32.0  66.0  80.0  57.0  79.0  77.0  83.0  41.0  69.0  8.0  19.0  34.0  75.0  69.0  62.0  70.0  75.0  100.0  3.0  22.0  33.0  7.0  12.0  79.0  33.0  79.0  59.0  72.0  42.0  70.0  76.0  57.0  22.0  32.0  
95.0  80.0  42.0  86.0  23.0  90.0  23.0  99.0  95.0  96.0  19.0  86.0  74.0  97.0  6.0  59.0  95.0  57.0  52.0  47.0  48.0  39.0  80.0  78.0  92.0  49.0  71.0  85.0  26.0  50.0  53.0  59.0  32.0  90.0  100.0  55.0  31.0  84.0  
46.0  82.0  64.0  97.0  5.0  55.0  16.0  20.0  24.0  27.0  48.0  51.0  49.0  40.0  81.0  43.0  53.0  63.0  20.0  33.0  56.0  77.0  5.0  34.0  42.0  41.0  12.0  12.0  84.0  47.0  97.0  18.0  23.0  51.0  16.0  0.0  98.0  
81.0  83.0  93.0  19.0  19.0  6.0  49.0  10.0  96.0  23.0  93.0  98.0  63.0  59.0  58.0  50.0  86.0  91.0  47.0  14.0  18.0  31.0  93.0  5.0  46.0  26.0  30.0  14.0  50.0  43.0  60.0  47.0  17.0  86.0  4.0  55.0  
49.0  75.0  23.0  49.0  65.0  27.0  59.0  48.0  70.0  57.0  46.0  3.0  13.0  39.0  76.0  72.0  88.0  10.0  47.0  7.0  17.0  65.0  56.0  29.0  14.0  28.0  72.0  67.0  43.0  53.0  54.0  60.0  34.0  25.0  35.0  
55.0  13.0  90.0  45.0  99.0  91.0  61.0  90.0  81.0  1.0  60.0  59.0  94.0  16.0  83.0  40.0  33.0  54.0  88.0  10.0  45.0  92.0  75.0  60.0  31.0  21.0  83.0  6.0  63.0  5.0  24.0  65.0  63.0  33.0  
2.0  54.0  45.0  64.0  8.0  22.0  66.0  78.0  56.0  68.0  41.0  79.0  42.0  79.0  23.0  54.0  46.0  98.0  96.0  49.0  59.0  65.0  97.0  71.0  44.0  11.0  53.0  57.0  9.0  66.0  48.0  95.0  40.0  
21.0  27.0  34.0  67.0  78.0  31.0  24.0  55.0  40.0  2.0  85.0  42.0  18.0  72.0  45.0  76.0  96.0  17.0  10.0  15.0  55.0  40.0  97.0  49.0  77.0  7.0  71.0  61.0  14.0  20.0  21.0  36.0  
60.0  87.0  33.0  50.0  44.0  77.0  40.0  84.0  51.0  23.0  27.0  95.0  80.0  75.0  76.0  26.0  55.0  32.0  100.0  56.0  50.0  4.0  25.0  22.0  85.0  49.0  80.0  2.0  60.0  92.0  28.0  
31.0  56.0  46.0  84.0  32.0  38.0  92.0  31.0  21.0  27.0  62.0  78.0  41.0  10.0  84.0  12.0  5.0  70.0  1.0  2.0  62.0  58.0  80.0  7.0  99.0  71.0  76.0  44.0  29.0  46.0  
57.0  60.0  32.0  21.0  37.0  54.0  21.0  70.0  22.0  75.0  65.0  99.0  52.0  58.0  40.0  3.0  43.0  71.0  39.0  100.0  62.0  5.0  54.0  26.0  19.0  48.0  18.0  96.0  92.0  
19.0  65.0  64.0  96.0  71.0  89.0  73.0  88.0  46.0  6.0  11.0  37.0  26.0  91.0  37.0  32.0  51.0  21.0  77.0  42.0  54.0  8.0  99.0  70.0  68.0  58.0  71.0  63.0  
87.0  38.0  38.0  74.0  33.0  12.0  39.0  80.0  50.0  38.0  89.0  84.0  83.0  86.0  26.0  24.0  37.0  34.0  44.0  29.0  75.0  91.0  70.0  19.0  58.0  53.0  71.0  
6.0  33.0  95.0  26.0  2.0  76.0  78.0  20.0  58.0  59.0  39.0  42.0  60.0  51.0  65.0  49.0  56.0  88.0  3.0  89.0  11.0  70.0  94.0  76.0  99.0  77.0  
18.0  68.0  85.0  17.0  56.0  94.0  46.0  65.0  92.0  80.0  98.0  70.0  29.0  54.0  92.0  100.0  46.0  11.0  37.0  19.0  52.0  77.0  12.0  35.0  40.0  
85.0  37.0  23.0  88.0  8.0  79.0  61.0  59.0  12.0  50.0  3.0  72.0  79.0  93.0  43.0  57.0  76.0  94.0  63.0  75.0  28.0  87.0  65.0  57.0  
64.0  30.0  37.0  58.0  19.0  67.0  79.0  79.0  78.0  47.0  98.0  27.0  44.0  14.0  4.0  38.0  38.0  11.0  48.0  67.0  15.0  58.0  55.0  
0.0  41.0  6.0  73.0  63.0  97.0  62.0  63.0  70.0  88.0  6.0  94.0  10.0  57.0  83.0  72.0  43.0  16.0  75.0  56.0  40.0  41.0  
97.0  45.0  70.0  48.0  51.0  28.0  85.0  10.0  58.0  89.0  12.0  51.0  77.0  23.0  48.0  46.0  23.0  7.0  28.0  14.0  18.0  
82.0  80.0  2.0  9.0  77.0  0.0  99.0  37.0  37.0  39.0  35.0  42.0  92.0  2.0  44.0  80.0  74.0  61.0  71.0  29.0  
69.0  95.0  66.0  35.0  10.0  77.0  28.0  76.0  94.0  74.0  54.0  17.0  57.0  76.0  21.0  100.0  70.0  13.0  80.0  
47.0  14.0  21.0  39.0  55.0  21.0  42.0  88.0  2.0  71.0  49.0  46.0  46.0  99.0  57.0  25.0  96.0  97.0  
69.0  29.0  27.0  6.0  27.0  26.0  42.0  89.0  12.0  84.0  32.0  38.0  80.0  85.0  57.0  41.0  63.0  
75.0  63.0  97.0  57.0  76.0  78.0  14.0  96.0  79.0  93.0  22.0  12.0  36.0  26.0  38.0  35.0  
100.0  34.0  2.0  14.0  80.0  39.0  38.0  8.0  71.0  41.0  49.0  26.0  23.0  87.0  35.0  
41.0  49.0  9.0  30.0  59.0  98.0  21.0  100.0  75.0  23.0  33.0  78.0  6.0  80.0  
38.0  22.0  84.0  86.0  55.0  63.0  39.0  6.0  76.0  27.0  74.0  10.0  40.0  
56.0  13.0  37.0  80.0  2.0  24.0  58.0  47.0  17.0  59.0  64.0  79.0  
85.0  51.0  63.0  44.0  69.0  36.0  79.0  46.0  75.0  90.0  92.0  
72.0  21.0  52.0  37.0  2.0  47.0  73.0  96.0  65.0  1.0  
44.0  76.0  17.0  76.0  68.0  0.0  51.0  3.0  9.0  
32.0  90.0  64.0  51.0  81.0  16.0  74.0  33.0  
63.0  7.0  36.0  62.0  42.0  26.0  61.0  
39.0  68.0  15.0  53.0  58.0  29.0  
38.0  81.0  43.0  36.0  79.0  
28.0  67.0  18.0  2.0  
71.0  64.0  67.0  
1.0  14.0  
47.0  
